1.533963918685913
3.298232316970825
1.9081883430480957
0.7583780288696289
3.112367868423462
2.3654239177703857
4.125737428665161
1.2046701908111572
1.2799768447875977
1.22880220413208
3.476921796798706
2.732914447784424
1.565138816833496
1.61346435546875
2.4528701305389404
1.0284276008605957
0.8592729568481445
2.5137124061584473
3.082744836807251
3.3103995323181152
1.817148208618164
2.7425191402435303
1.1497516632080078
1.2353625297546387
1.35880708694458
2.292128086090088
6.797388315200806
1.0255098342895508
11.052164077758789
6.135172367095947
0.7833094596862793
0.7244887351989746
1.0152316093444824
4.1272132396698
1.3145499229431152
1.727055311203003
1.4423911571502686
0.663287878036499
1.3302459716796875
3.0476455688476562
1.0089294910430908
8.040942668914795
2.6202619075775146
2.412692070007324
2.3071024417877197
4.494928598403931
1.2378528118133545
1.272298812866211
1.7176012992858887
4.58135461807251
1.0348494052886963
1.2672219276428223
1.0423777103424072
1.2747998237609863
3.323525905609131
2.5844082832336426
3.0880463123321533
0.6616847515106201
4.722099304199219
0.9120464324951172
0.9850189685821533
0.7735252380371094
0.9295578002929688
1.0888311862945557
0.9171304702758789
1.5172033309936523
0.8915624618530273
0.9567272663116455
0.9776935577392578
0.9645552635192871
1.201432704925537
1.3642728328704834
1.8128061294555664
1.3407068252563477
0.8848288059234619
1.1872820854187012
1.149200439453125
0.9127073287963867
1.3418545722961426
0.8930234909057617
0.8904464244842529
0.7943375110626221
0.8411257266998291
2.959747076034546
1.30428147315979
1.0199651718139648
0.922910213470459
1.0837571620941162
2.023740768432617
3.546881914138794
0.9049122333526611
1.0249943733215332
1.3330395221710205
0.9280054569244385
1.0258204936981201
3.006220817565918
1.0254614353179932
2.0220017433166504
0.9244725704193115
0.8832945823669434
