1.7338752746582031
1.8499181270599365
1.3183214664459229
1.036825180053711
1.5652198791503906
3.2018775939941406
1.6794264316558838
4.0112199783325195
2.0349228382110596
1.7671267986297607
1.9352033138275146
1.9331085681915283
1.1033785343170166
2.2423343658447266
1.777503252029419
1.5983080863952637
2.0354578495025635
1.4582161903381348
1.3184547424316406
5.963865041732788
1.6142690181732178
1.7719829082489014
2.5190207958221436
1.8125731945037842
2.170605182647705
1.5894649028778076
3.5453035831451416
1.4849762916564941
1.7304050922393799
1.7035303115844727
1.1396539211273193
1.1926395893096924
1.1836297512054443
1.9042508602142334
1.8799421787261963
1.3650386333465576
1.336367130279541
2.2392730712890625
1.8157577514648438
1.6785013675689697
1.6099083423614502
2.155552387237549
2.127042055130005
1.7385766506195068
2.006080389022827
4.585150718688965
2.33943247795105
1.8895046710968018
1.8000311851501465
1.7393279075622559
1.4694690704345703
1.9874053001403809
1.7275927066802979
5.244661569595337
1.7529702186584473
1.6338980197906494
0.9224812984466553
1.1419236660003662
2.9837238788604736
1.288637399673462
1.0303630828857422
1.407834768295288
1.4221827983856201
1.676708459854126
1.549271821975708
1.5305719375610352
1.7050766944885254
1.405771017074585
1.6050312519073486
1.3992078304290771
1.743501901626587
2.0178134441375732
1.777714490890503
1.3992180824279785
1.7360272407531738
1.5706007480621338
1.7047200202941895
1.3514273166656494
1.3925113677978516
1.7390828132629395
1.1360056400299072
1.1721947193145752
1.1831438541412354
1.2576138973236084
2.829130172729492
1.340860366821289
1.047783374786377
1.5971918106079102
2.0337913036346436
1.7586150169372559
1.3189082145690918
2.6177010536193848
2.586742401123047
1.7398252487182617
2.9231975078582764
1.3295836448669434
1.7483656406402588
4.235487222671509
1.288055419921875
4.899658918380737
