1.2078523635864258
0.35878610610961914
1.0439765453338623
0.7732944488525391
2.008908987045288
1.1748406887054443
1.2831158638000488
2.386009454727173
1.3057422637939453
0.6858336925506592
1.9373764991760254
1.9465138912200928
1.178370475769043
1.2779042720794678
2.060288906097412
5.588497877120972
0.7008082866668701
0.412062406539917
1.2235519886016846
2.5256364345550537
1.0501093864440918
0.7917211055755615
1.7026488780975342
0.9523613452911377
1.2578341960906982
0.8610653877258301
0.5751118659973145
1.310004472732544
1.0596659183502197
1.1228938102722168
0.5789453983306885
0.6843922138214111
0.7253677845001221
1.0846891403198242
0.8759968280792236
0.649207592010498
0.6633963584899902
0.641169548034668
1.2628819942474365
2.3153765201568604
1.085503101348877
2.055229425430298
1.3904714584350586
1.2047934532165527
1.7523548603057861
3.662069797515869
2.5933597087860107
0.931072473526001
0.950476884841919
0.9535603523254395
0.8395960330963135
1.0762720108032227
0.9347748756408691
0.9400479793548584
1.173722743988037
1.2461888790130615
0.5104875564575195
0.6839206218719482
0.4489586353302002
0.6394562721252441
0.6417226791381836
0.6480062007904053
0.7675025463104248
1.0937204360961914
0.7698400020599365
0.7314941883087158
1.0520350933074951
0.7620956897735596
0.7393176555633545
0.7241594791412354
0.8862628936767578
0.9528827667236328
1.310666799545288
1.0575573444366455
1.2859218120574951
1.3355693817138672
0.8737530708312988
0.9787278175354004
1.1613664627075195
1.6134097576141357
0.5187768936157227
0.5850784778594971
0.5942399501800537
0.6308512687683105
0.8373539447784424
0.6318919658660889
0.6191482543945312
1.8150169849395752
1.6466152667999268
1.4565825462341309
0.9225807189941406
0.6583082675933838
0.8734738826751709
1.0766863822937012
0.7641167640686035
0.6175360679626465
0.8373799324035645
3.3487164974212646
0.9322831630706787
0.9342584609985352
