4.439951419830322
1.073467493057251
0.3571205139160156
0.24736237525939941
0.817147970199585
0.8336904048919678
0.5963993072509766
0.7152431011199951
0.9732522964477539
0.8049418926239014
0.7230980396270752
0.6814310550689697
0.7727243900299072
0.7433929443359375
0.6971287727355957
0.6866116523742676
0.7647707462310791
0.616875171661377
0.5854876041412354
0.7492668628692627
0.8160641193389893
0.8912754058837891
0.8109807968139648
0.8788959980010986
0.9808735847473145
0.6099340915679932
0.5108652114868164
0.8096177577972412
1.4869942665100098
0.826664924621582
0.6817662715911865
0.6438868045806885
0.2834594249725342
0.9704470634460449
0.37772440910339355
0.6240973472595215
0.2895326614379883
0.47989559173583984
0.70064377784729
0.650719165802002
0.6063158512115479
0.6929793357849121
0.3598196506500244
0.5513339042663574
0.897615909576416
1.825014591217041
0.7396652698516846
0.6794157028198242
1.0938491821289062
0.7506313323974609
0.6280214786529541
0.7795736789703369
0.36873650550842285
0.7503037452697754
0.8277850151062012
0.8068826198577881
0.4164767265319824
0.31823182106018066
1.3871684074401855
0.5900595188140869
0.3429112434387207
0.6001105308532715
0.6190576553344727
0.32893824577331543
0.715756893157959
0.9148561954498291
0.781853437423706
0.6404097080230713
0.6458005905151367
0.6369879245758057
0.7783663272857666
0.9572939872741699
0.36929774284362793
0.9906930923461914
0.8464217185974121
1.3553752899169922
0.7893710136413574
0.64375901222229
0.6422367095947266
0.855576753616333
0.6589124202728271
0.727241039276123
0.29818224906921387
0.7425963878631592
0.9249529838562012
0.7319610118865967
0.6197366714477539
0.690009355545044
0.599236249923706
0.5721373558044434
0.9621107578277588
0.642777681350708
0.8561146259307861
0.7583038806915283
0.5643248558044434
0.5669846534729004
0.6196727752685547
1.3033223152160645
0.30729055404663086
0.7066984176635742
