1.3012621402740479
3.409688711166382
1.2865254878997803
0.7489995956420898
2.645479202270508
1.5140271186828613
4.276209115982056
1.4891057014465332
3.926262140274048
1.1869056224822998
4.268730878829956
2.7970082759857178
1.6404099464416504
1.5433769226074219
1.4866759777069092
1.2281017303466797
0.9335310459136963
2.210106372833252
3.2029738426208496
3.3558101654052734
1.7325804233551025
3.8857481479644775
5.109890699386597
1.24717116355896
1.4138784408569336
2.2780659198760986
6.946995496749878
1.0378341674804688
11.296977758407593
6.202670574188232
0.8084836006164551
0.7433135509490967
1.049203634262085
5.3052146434783936
1.316744327545166
2.114743232727051
1.4208199977874756
1.3603012561798096
1.2504332065582275
3.0324981212615967
1.069955825805664
7.494382381439209
2.8528313636779785
2.348374128341675
2.2228426933288574
4.551390886306763
5.999934196472168
1.2940342426300049
1.6972432136535645
4.53018856048584
1.0720317363739014
1.3493428230285645
1.1006929874420166
1.3059935569763184
6.931454181671143
3.381317615509033
1.4412670135498047
0.6563742160797119
4.007540702819824
0.8431451320648193
0.9772665500640869
3.137969732284546
0.9665577411651611
1.2824525833129883
1.2148699760437012
2.899672031402588
0.9872970581054688
1.091841220855713
0.932034969329834
1.014742374420166
1.2933354377746582
1.4106004238128662
1.6539027690887451
1.309025764465332
0.8966753482818604
1.1490561962127686
1.1161694526672363
0.976128339767456
1.308032512664795
0.8999099731445312
0.7315313816070557
0.76619553565979
0.8422021865844727
3.2065794467926025
1.3616111278533936
1.033731460571289
0.9582686424255371
0.9442415237426758
5.404826879501343
5.433913946151733
2.984182596206665
9.705295085906982
1.3438270092010498
0.8703491687774658
1.0400819778442383
3.6185426712036133
1.0131866931915283
1.9108777046203613
0.9225585460662842
0.8738768100738525
