2.2356765270233154
2.0888607501983643
1.4842801094055176
0.6801755428314209
1.2617387771606445
1.2057719230651855
1.2392897605895996
1.1784372329711914
1.3827095031738281
1.3881022930145264
1.434601068496704
1.2909173965454102
2.2456133365631104
1.3781256675720215
1.4186639785766602
1.1743531227111816
0.8415310382843018
0.9371078014373779
1.8701238632202148
2.7894034385681152
1.6257755756378174
5.186981201171875
1.178757667541504
1.2781991958618164
1.399045467376709
3.0556743144989014
0.7767355442047119
0.907078742980957
1.3981547355651855
1.4557414054870605
0.8529059886932373
1.058816909790039
4.403102874755859
1.4776482582092285
1.3742492198944092
0.8510024547576904
0.9430971145629883
0.858314037322998
1.4643537998199463
6.289363384246826
11.773611068725586
2.401174306869507
1.693321943283081
1.2316374778747559
2.086876392364502
4.41542911529541
1.430088758468628
1.5654778480529785
1.6124334335327148
2.670844316482544
1.2576384544372559
4.271316289901733
1.4539761543273926
1.6884257793426514
1.5246195793151855
1.531601905822754
0.6521041393280029
0.46822023391723633
8.640300989151001
1.7902066707611084
3.885025978088379
0.9865896701812744
0.2761514186859131
1.4552381038665771
1.0077526569366455
1.710878849029541
4.077002763748169
1.2458009719848633
1.04931640625
1.0351471900939941
1.2027223110198975
1.4557273387908936
1.2988858222961426
3.136054754257202
0.9129879474639893
1.4289746284484863
1.0646803379058838
5.920748949050903
0.5287773609161377
1.6933355331420898
1.051656723022461
0.7955276966094971
0.31810498237609863
0.6245779991149902
1.0169062614440918
0.21317768096923828
4.3667168617248535
2.7450172901153564
1.678363561630249
2.084416151046753
1.5242626667022705
1.3836064338684082
1.3882272243499756
1.518946886062622
2.6225357055664062
2.807438850402832
0.8691201210021973
4.378914833068848
0.8050930500030518
0.2568979263305664
