1.5434520244598389
0.969245195388794
1.0948026180267334
0.7280876636505127
0.8669509887695312
1.7887189388275146
1.350243330001831
0.9352941513061523
4.84993052482605
1.2349414825439453
1.9144487380981445
0.9452619552612305
1.4611830711364746
1.0646116733551025
1.1272194385528564
1.1807277202606201
0.8684930801391602
4.750661134719849
1.3775479793548584
0.9208774566650391
1.281252384185791
1.2400219440460205
1.090505599975586
1.0086133480072021
1.042285442352295
1.1691193580627441
1.0644745826721191
0.8225173950195312
3.5465211868286133
0.9937963485717773
1.2839860916137695
5.730417490005493
2.7884104251861572
1.316896915435791
2.681487798690796
0.9474916458129883
0.7622544765472412
1.611722469329834
1.2193822860717773
0.8762736320495605
0.9086742401123047
0.9633119106292725
2.0908665657043457
0.6569547653198242
0.5902824401855469
0.7415978908538818
0.7795979976654053
0.9634547233581543
1.1561081409454346
1.6274948120117188
1.64461350440979
0.919975996017456
0.9973862171173096
0.8213272094726562
2.6511847972869873
1.3381052017211914
1.4257988929748535
0.7956314086914062
0.839155912399292
0.9740071296691895
0.8074781894683838
0.8243882656097412
1.5225074291229248
0.8626003265380859
2.855767250061035
1.1944148540496826
0.7835571765899658
1.012389898300171
0.7256646156311035
0.6910984516143799
0.8268117904663086
0.7424759864807129
1.3760066032409668
1.5681746006011963
1.868873119354248
6.471131086349487
1.0962393283843994
0.9217114448547363
0.8410546779632568
8.762302875518799
0.9683942794799805
1.1709060668945312
1.248650074005127
0.7105681896209717
1.3094441890716553
0.8615624904632568
4.706696510314941
0.6869328022003174
1.0176818370819092
1.3282530307769775
1.1322472095489502
6.752953767776489
0.6795854568481445
0.5896737575531006
0.4900956153869629
1.0821425914764404
0.9594736099243164
0.9952991008758545
0.8106517791748047
0.9174790382385254
