3.1553313732147217
3.6889588832855225
3.4914159774780273
3.9286201000213623
1.241180419921875
1.9675085544586182
2.0202298164367676
3.3589580059051514
2.182438611984253
1.3424046039581299
3.029873847961426
1.6863155364990234
2.2231838703155518
1.2348120212554932
2.1279003620147705
1.1664259433746338
0.5639278888702393
1.0321431159973145
1.5957016944885254
1.0111591815948486
4.561750173568726
3.895236015319824
1.4846718311309814
2.9709765911102295
4.395224571228027
2.4928500652313232
2.5354831218719482
2.145258665084839
0.8936777114868164
1.295753002166748
2.3883562088012695
1.6521003246307373
1.6758272647857666
2.144653797149658
2.2990472316741943
1.3136367797851562
1.2912895679473877
1.6316468715667725
4.718780755996704
1.4217169284820557
1.4889700412750244
4.296658277511597
1.5799157619476318
1.0379664897918701
4.361176013946533
1.19700288772583
1.2699785232543945
1.834829330444336
2.1423394680023193
2.690014123916626
3.4944097995758057
2.3763163089752197
0.5982978343963623
1.078935146331787
1.0596787929534912
1.9360687732696533
1.1059565544128418
1.8379600048065186
1.2765846252441406
1.8327910900115967
1.9695558547973633
2.689889907836914
3.359267473220825
1.6287791728973389
7.778687953948975
8.924350261688232
1.374316692352295
1.5222852230072021
1.3553979396820068
2.0333385467529297
1.356241226196289
2.361678123474121
3.808192014694214
1.812784194946289
1.5241215229034424
1.5670886039733887
1.3983519077301025
1.1106760501861572
1.289480209350586
39.08136248588562
2.0819754600524902
2.0333399772644043
0.9380936622619629
1.307706594467163
2.028079032897949
0.8189694881439209
1.3548228740692139
1.247873306274414
2.3510828018188477
1.0487163066864014
1.9345698356628418
1.5992159843444824
1.9066500663757324
1.3032867908477783
2.215832471847534
1.9127342700958252
2.788780450820923
9.84550666809082
1.512019157409668
1.169262170791626
