1.8054468631744385
0.6740682125091553
0.6833610534667969
0.6504330635070801
0.6198811531066895
0.8852143287658691
0.6511321067810059
0.617668628692627
0.5873606204986572
0.8622004985809326
0.9167759418487549
0.6181182861328125
0.7389891147613525
0.5216293334960938
0.5341963768005371
0.5229880809783936
0.44240331649780273
0.48793816566467285
0.7225215435028076
0.802271842956543
0.2853357791900635
0.5847611427307129
0.2915034294128418
0.37256813049316406
0.6630167961120605
0.38184189796447754
0.5076918601989746
0.4660811424255371
0.6617200374603271
1.1811535358428955
1.069472074508667
1.0268142223358154
1.0020074844360352
1.027547836303711
0.8736741542816162
0.7527956962585449
0.6903424263000488
1.3211040496826172
0.6139321327209473
0.8501627445220947
1.1002776622772217
1.341385841369629
1.6316370964050293
0.7488782405853271
0.6953346729278564
0.8665328025817871
0.7741439342498779
0.3952922821044922
0.8934895992279053
0.808391809463501
1.8355815410614014
0.8549318313598633
0.3075449466705322
0.6860263347625732
0.8715109825134277
0.5852181911468506
0.8035385608673096
0.37370777130126953
0.35465407371520996
0.7033987045288086
0.850358247756958
0.9364893436431885
1.3753690719604492
1.0288662910461426
0.8807029724121094
0.5875537395477295
0.5798280239105225
0.5901167392730713
0.7506327629089355
0.7868294715881348
0.8463990688323975
1.0008220672607422
1.1282320022583008
1.0131700038909912
1.3793234825134277
0.931337833404541
1.1304540634155273
1.0304045677185059
0.8583123683929443
0.3559901714324951
0.8276488780975342
0.918311595916748
0.9344227313995361
0.9833469390869141
1.0083105564117432
0.953171968460083
0.5666906833648682
0.8320603370666504
0.7207233905792236
1.2379670143127441
0.6254115104675293
0.6306047439575195
0.6195957660675049
0.5123515129089355
0.5548379421234131
1.117516040802002
0.5694591999053955
0.6781840324401855
0.5880930423736572
0.6233389377593994
