2.4101500511169434
2.081778049468994
3.341057062149048
2.424534320831299
3.580447196960449
11.37778639793396
2.0589072704315186
5.662700891494751
11.243783473968506
2.084547996520996
4.034135103225708
1.9845161437988281
3.2459640502929688
3.13002610206604
7.447070121765137
1.9643073081970215
1.7191779613494873
2.0051462650299072
1.9737892150878906
1.8156731128692627
2.6680991649627686
2.2098634243011475
9.856515169143677
8.780758380889893
2.797511100769043
6.429328680038452
2.184382677078247
1.9545929431915283
2.001749038696289
3.713961601257324
4.0483996868133545
4.437013149261475
6.558186769485474
5.922325611114502
3.337085723876953
1.9765474796295166
2.755019426345825
3.8194122314453125
2.0874686241149902
4.477609634399414
2.1156225204467773
2.484468698501587
2.094799280166626
1.9227485656738281
2.512493371963501
2.9629902839660645
2.9967422485351562
2.0044965744018555
2.049363851547241
2.0846612453460693
4.480149269104004
2.025665760040283
2.3258795738220215
2.1512982845306396
3.502580165863037
2.057778835296631
4.978451251983643
5.527782678604126
1.929499864578247
2.2195770740509033
1.8720967769622803
9.717430353164673
2.207263231277466
2.5932812690734863
2.820952892303467
1.8404130935668945
2.11173677444458
2.1306538581848145
2.0905232429504395
2.6000521183013916
2.9303200244903564
3.6179869174957275
3.3736886978149414
2.1586873531341553
2.160910129547119
2.097123622894287
2.04972243309021
2.0249128341674805
1.5710039138793945
2.1929802894592285
1.9620237350463867
6.040908575057983
2.2784972190856934
2.0909838676452637
1.7779409885406494
2.7002086639404297
1.9125399589538574
1.9472038745880127
3.4021804332733154
1.9033973217010498
3.493983745574951
3.1336982250213623
7.809661149978638
1.6976816654205322
5.60442328453064
2.1233534812927246
1.9931094646453857
4.164888143539429
3.2718958854675293
2.1369071006774902
