1.3318583965301514
1.7278342247009277
0.8940496444702148
0.761768102645874
0.7456827163696289
1.3682239055633545
1.4828627109527588
2.096207618713379
1.0779743194580078
1.2241907119750977
1.3254117965698242
0.53645920753479
0.9939055442810059
0.6731274127960205
1.87343430519104
1.0257253646850586
1.202132225036621
1.6091725826263428
0.8214333057403564
0.7876508235931396
2.0232138633728027
2.4135355949401855
1.8650541305541992
0.8278861045837402
1.1676578521728516
1.4220199584960938
0.7377040386199951
0.6960268020629883
1.1186983585357666
0.7705750465393066
0.9706985950469971
1.0410959720611572
3.6666500568389893
1.0298562049865723
1.4883449077606201
0.6850254535675049
0.6597862243652344
3.584740400314331
2.5387628078460693
0.6066009998321533
0.823188304901123
2.535731315612793
1.5105760097503662
1.3519513607025146
0.6570613384246826
0.8768365383148193
0.5818343162536621
0.7742776870727539
3.105138063430786
0.7501742839813232
1.4598050117492676
0.7890028953552246
1.3197884559631348
0.5931010246276855
1.8998637199401855
1.1512303352355957
0.8898425102233887
1.3841254711151123
0.8175504207611084
0.904484748840332
1.3150181770324707
3.1409404277801514
1.0294923782348633
0.8472445011138916
1.192298412322998
0.9073691368103027
0.9877786636352539
0.6498527526855469
0.8618083000183105
0.8121380805969238
0.8637523651123047
0.7960207462310791
2.1720969676971436
1.385807991027832
1.4813299179077148
0.9474465847015381
1.2176589965820312
0.6677446365356445
0.6070675849914551
2.433218479156494
0.7671051025390625
2.022923231124878
1.0690608024597168
0.5733988285064697
1.0095384120941162
0.6160635948181152
0.8382537364959717
0.5832798480987549
0.8356385231018066
1.0938012599945068
4.104888439178467
1.797868013381958
1.2243609428405762
0.5172300338745117
1.069753646850586
1.3452956676483154
0.763641357421875
0.641136646270752
0.5790708065032959
0.7013332843780518
