2.674069404602051
1.6921272277832031
1.8574318885803223
1.8001594543457031
0.7660458087921143
0.9716691970825195
0.8903799057006836
5.386271238327026
1.2267882823944092
1.2039868831634521
1.3016290664672852
1.2919015884399414
2.3634531497955322
1.1203763484954834
1.2708330154418945
1.0772278308868408
1.7344489097595215
1.3277182579040527
1.339595079421997
10.379200458526611
2.4995932579040527
1.4409513473510742
1.271054744720459
1.1642608642578125
0.10056304931640625
1.820030689239502
1.0033955574035645
10.181111097335815
1.0407726764678955
1.2009317874908447
0.7661733627319336
1.401510238647461
1.042729139328003
1.5426647663116455
1.2604196071624756
1.1255888938903809
2.0556156635284424
2.884768009185791
1.1830461025238037
1.1957993507385254
1.2578177452087402
0.9848973751068115
1.013160228729248
1.1008732318878174
1.5374794006347656
1.7617406845092773
1.3719120025634766
3.0412020683288574
1.0643045902252197
1.502202033996582
1.1712214946746826
0.9172666072845459
0.9739811420440674
1.253119707107544
1.982206106185913
1.0373098850250244
2.618429183959961
0.15516042709350586
0.9418981075286865
0.816415548324585
2.103931188583374
1.0601623058319092
0.6645896434783936
1.026451826095581
1.3230106830596924
1.9674651622772217
1.0377311706542969
1.9496128559112549
0.9591267108917236
1.0905559062957764
1.106996774673462
2.0539915561676025
1.0217890739440918
2.3093278408050537
0.8917686939239502
1.5086820125579834
1.0549182891845703
1.1434540748596191
1.1112890243530273
1.177201747894287
1.198854923248291
0.8712260723114014
1.661562204360962
1.3331129550933838
0.9776415824890137
0.995896577835083
0.9317409992218018
1.0686113834381104
1.6770710945129395
0.771528959274292
1.077439546585083
2.2045023441314697
1.1803808212280273
1.6171703338623047
0.8768043518066406
0.9091713428497314
0.5185196399688721
1.1943743228912354
0.6308856010437012
1.5824871063232422
