3.120405673980713
1.7779159545898438
3.406628131866455
1.716278076171875
1.8144557476043701
3.042023181915283
2.227250576019287
4.823173761367798
2.1553268432617188
5.679174423217773
2.730710506439209
4.244302034378052
0.8921244144439697
1.690929651260376
1.6021382808685303
1.596437692642212
3.4799258708953857
4.270101070404053
5.166458368301392
4.906021595001221
4.779315948486328
5.533317565917969
3.237187147140503
2.1628165245056152
1.5876798629760742
4.293850898742676
1.6150765419006348
1.8729262351989746
3.3132712841033936
6.0157310962677
1.2151780128479004
2.2756712436676025
1.7489728927612305
2.8084018230438232
1.5007741451263428
1.0478630065917969
3.63816499710083
5.611103534698486
2.000645875930786
2.766427755355835
6.238053798675537
3.093688488006592
3.952666759490967
2.2698466777801514
2.6380410194396973
0.15207362174987793
3.559669017791748
4.652298212051392
1.1252202987670898
0.6531856060028076
1.7161297798156738
3.2645485401153564
3.5541505813598633
4.047347545623779
2.8815925121307373
1.8173367977142334
3.6841204166412354
5.711030721664429
2.523831605911255
2.842381477355957
2.9896953105926514
0.8091087341308594
0.6395969390869141
3.278409004211426
3.7259745597839355
2.2537143230438232
3.8478827476501465
2.6584854125976562
1.549272060394287
5.241542339324951
2.3899316787719727
2.3520805835723877
3.5261006355285645
1.2358636856079102
5.105264186859131
1.4177417755126953
0.9141416549682617
1.1726124286651611
1.0329504013061523
1.8156232833862305
2.349475622177124
2.8812499046325684
1.8294377326965332
1.0562036037445068
3.083726644515991
3.011979103088379
1.3078150749206543
0.8927581310272217
1.1352322101593018
1.466726541519165
4.459119081497192
1.9800136089324951
2.442996025085449
2.5371532440185547
2.330937147140503
1.8505752086639404
0.50484299659729
5.170771598815918
0.8523211479187012
1.1883671283721924
