6.5994110107421875
5.360156059265137
1.506833553314209
5.305094242095947
2.69722843170166
3.5650830268859863
5.891002655029297
4.042868614196777
1.411978006362915
5.843029499053955
12.05947995185852
10.929288625717163
3.8883156776428223
5.153427600860596
4.914538860321045
1.1380102634429932
5.499986171722412
1.92527174949646
4.077667474746704
10.74839973449707
4.440981388092041
3.57157564163208
4.777154207229614
4.173979759216309
5.233505487442017
6.984961986541748
3.725355386734009
2.3958332538604736
4.202892780303955
8.038891553878784
6.496762275695801
3.4078855514526367
3.8169186115264893
4.533928155899048
2.504037380218506
1.3208930492401123
10.636028051376343
6.5253777503967285
5.3611414432525635
8.768809080123901
8.82777214050293
4.787393093109131
4.025076150894165
9.746652126312256
3.810116767883301
1.9084320068359375
8.034256935119629
7.093302965164185
4.262301445007324
1.4707574844360352
2.9203882217407227
3.9693567752838135
5.464841842651367
10.665209770202637
9.717346906661987
2.8496758937835693
4.7428789138793945
7.865577220916748
1.7141668796539307
3.726304769515991
1.057260274887085
10.356082201004028
4.171660423278809
4.921139478683472
3.9673941135406494
8.660383462905884
2.9649465084075928
7.039836406707764
2.0852620601654053
5.235328912734985
9.143012285232544
10.722574949264526
6.142093181610107
7.200939893722534
4.85930871963501
8.022197484970093
6.75266432762146
10.518203973770142
5.435571908950806
5.04466438293457
6.389204740524292
6.0513575077056885
5.412481069564819
6.554843902587891
3.433759927749634
10.431552648544312
3.188751697540283
5.233063697814941
1.6064186096191406
5.418837785720825
2.194937229156494
5.511514186859131
4.6974403858184814
9.556402206420898
4.479956388473511
4.604837417602539
7.685183525085449
10.593643188476562
4.199423313140869
5.263561487197876
