3.672954797744751
5.072462558746338
8.688332557678223
2.174612045288086
1.9549241065979004
2.9650187492370605
2.0510246753692627
5.800210952758789
3.0041322708129883
3.593842029571533
1.784985065460205
1.759596586227417
5.403015375137329
1.9640543460845947
3.7619717121124268
2.080763339996338
2.538538932800293
1.9338552951812744
1.8526611328125
1.6170806884765625
4.124083042144775
4.357736349105835
4.492583274841309
3.5283329486846924
6.604198217391968
2.7008540630340576
4.575277805328369
2.627718448638916
3.104780912399292
4.13564658164978
4.792717695236206
2.787109613418579
3.5873119831085205
4.073456525802612
3.110720634460449
1.501448154449463
4.080065965652466
3.516326904296875
3.4060020446777344
1.4567227363586426
1.5353944301605225
1.3995001316070557
1.6906237602233887
3.749488592147827
5.31672477722168
1.7340610027313232
1.7773501873016357
3.7564544677734375
1.6762380599975586
5.754091739654541
2.6681392192840576
3.48844575881958
1.7878360748291016
2.6219394207000732
8.434098482131958
4.2672035694122314
1.120842695236206
1.1577808856964111
1.477726936340332
3.442910671234131
2.9343011379241943
6.9814465045928955
5.762640953063965
3.959524154663086
2.2094533443450928
5.698521375656128
4.772275924682617
7.827832460403442
3.9608850479125977
5.534008502960205
1.6122252941131592
4.07006573677063
1.3551998138427734
2.0087687969207764
3.13033390045166
3.901580333709717
2.226250171661377
1.3963086605072021
1.8176836967468262
2.126288414001465
2.2964468002319336
2.9869678020477295
3.346586227416992
2.983247995376587
2.6823391914367676
3.1175339221954346
1.4144902229309082
3.803708553314209
1.4055533409118652
2.967191457748413
3.1155691146850586
3.500075340270996
3.483393669128418
2.2762439250946045
2.8659050464630127
2.898677110671997
1.9822165966033936
3.129519462585449
2.961853265762329
2.672940969467163
