2.5528993606567383
4.172031402587891
1.2678232192993164
7.176784038543701
2.392547369003296
3.209146022796631
2.568824052810669
6.794514417648315
1.2648780345916748
4.243937015533447
1.040994644165039
5.217865467071533
1.3361849784851074
4.739336013793945
2.3807225227355957
4.779077053070068
3.102682590484619
4.19159460067749
4.173162937164307
2.0971779823303223
3.800891399383545
4.883266925811768
3.5874595642089844
3.9437687397003174
3.958251953125
5.088306665420532
4.0183069705963135
8.30689024925232
1.805152177810669
3.6030144691467285
1.641589879989624
4.399113655090332
3.458530902862549
4.4856650829315186
1.3743336200714111
2.171440601348877
3.589759349822998
4.845916509628296
4.375046253204346
3.7526378631591797
4.5368804931640625
6.491974353790283
1.5258643627166748
2.4698898792266846
1.8240258693695068
1.8094863891601562
1.8160672187805176
10.941599130630493
2.2971718311309814
1.4344427585601807
3.08866286277771
2.882330894470215
2.444570302963257
8.366952419281006
5.667190790176392
1.9289336204528809
2.473468065261841
2.574127435684204
2.004035234451294
3.997276782989502
2.6247756481170654
1.0377812385559082
4.72190260887146
4.938297986984253
1.5852982997894287
3.265605926513672
3.1182968616485596
5.166563034057617
1.898702621459961
6.613231182098389
5.490933895111084
4.256811618804932
1.5004782676696777
2.058320999145508
3.640537977218628
2.3518898487091064
3.3806779384613037
6.386009931564331
1.4165210723876953
2.946936845779419
2.804394006729126
3.896699905395508
16.3270525932312
3.2610349655151367
3.6529834270477295
4.3372721672058105
4.580644369125366
1.3807859420776367
1.4341826438903809
1.6989712715148926
4.114210844039917
3.1953749656677246
3.0125393867492676
1.741424560546875
4.790287733078003
1.9207024574279785
0.7957541942596436
6.318991661071777
2.1350033283233643
2.8941521644592285
