1.642681360244751
1.0114507675170898
0.8589715957641602
0.7372891902923584
0.8439607620239258
3.159616470336914
1.2082326412200928
2.563608169555664
1.5408329963684082
1.1202850341796875
1.638929843902588
0.604966402053833
0.9836738109588623
1.0001709461212158
2.2552318572998047
1.1652040481567383
0.7822020053863525
3.7738327980041504
1.1815800666809082
0.9547748565673828
1.0182738304138184
1.1614634990692139
1.021127462387085
0.7574293613433838
1.3171157836914062
1.395226240158081
0.8907904624938965
0.8362705707550049
0.8631241321563721
0.9113428592681885
1.3123512268066406
2.5921378135681152
2.465956926345825
1.1916263103485107
1.6956913471221924
0.8492491245269775
0.6866438388824463
2.253678321838379
1.619654655456543
0.7728352546691895
0.9023604393005371
0.9484105110168457
154.59010910987854
2.020519971847534
1.895597219467163
0.8968322277069092
0.6189684867858887
0.8951385021209717
1.2003583908081055
3.979358673095703
2.188169002532959
0.8689451217651367
1.0086619853973389
1.6476349830627441
1.6873373985290527
1.4329354763031006
3.5392818450927734
1.231391191482544
0.8575417995452881
0.9979748725891113
1.5971324443817139
1.7099857330322266
1.7760546207427979
0.9348957538604736
1.3061139583587646
1.0018882751464844
1.6054065227508545
0.663677453994751
0.9197516441345215
0.7190706729888916
1.2040517330169678
0.7234673500061035
2.624272584915161
1.4840552806854248
1.7046160697937012
0.8033781051635742
1.082674503326416
1.1147112846374512
0.6694879531860352
0.7898130416870117
0.8348240852355957
1.9372177124023438
1.2641925811767578
0.7343835830688477
1.6816034317016602
0.6273670196533203
1.460627794265747
0.9462559223175049
0.8675570487976074
1.2451159954071045
2.1057138442993164
2.9748990535736084
0.637969970703125
3.2916512489318848
1.2226231098175049
0.924842119216919
1.0123698711395264
1.0269670486450195
0.8979489803314209
0.7469813823699951
