2.5047082901000977
4.29716682434082
1.0558295249938965
2.726325035095215
5.46286678314209
6.185189962387085
7.263263940811157
2.5952320098876953
2.3152098655700684
5.828589200973511
6.33946681022644
2.273599147796631
2.465367078781128
3.2849862575531006
6.458837509155273
1.5147511959075928
1.2853922843933105
2.0737674236297607
2.1656503677368164
0.9513204097747803
2.5647456645965576
6.99755334854126
5.846685886383057
4.409260988235474
7.990473985671997
1.2252662181854248
1.128908634185791
2.2625584602355957
2.90580415725708
6.460536003112793
5.060440540313721
6.859705686569214
6.510624647140503
4.167114734649658
38.86859583854675
1.7623202800750732
1.7991657257080078
2.239899158477783
9.55330228805542
3.0325348377227783
2.239391326904297
6.260826587677002
8.032122611999512
0.8636574745178223
5.538910627365112
1.7159173488616943
3.540846347808838
4.825839996337891
3.416074752807617
3.4211935997009277
6.080751657485962
5.682407855987549
5.7224531173706055
5.90085244178772
4.706435203552246
5.325084686279297
6.616353273391724
4.860296726226807
3.174686908721924
6.624113082885742
2.3924734592437744
3.765296697616577
6.775468587875366
1.9519493579864502
7.189645051956177
4.076138019561768
7.875913858413696
1.8900563716888428
6.07042670249939
2.4628348350524902
1.8239071369171143
3.1564524173736572
2.482774496078491
5.809976100921631
5.788933515548706
1.9239068031311035
5.679492950439453
7.6031317710876465
5.1154375076293945
7.450582027435303
1.5162968635559082
3.0345513820648193
1.246957540512085
5.779458522796631
6.262894630432129
2.405179738998413
3.5958306789398193
1.8458569049835205
2.2392616271972656
5.424000263214111
6.529316425323486
2.5615782737731934
3.1886818408966064
3.1679329872131348
5.13055157661438
6.2031261920928955
2.0619454383850098
12.092008590698242
7.0559046268463135
3.3495676517486572
