1.6899611949920654
3.23882794380188
1.0334317684173584
0.8127744197845459
1.1013405323028564
2.098073720932007
1.3882596492767334
0.9663970470428467
0.985543966293335
1.517259120941162
1.6000196933746338
0.812847375869751
1.931309700012207
1.023547649383545
1.6306288242340088
1.6380088329315186
0.7037489414215088
6.146580457687378
1.218705654144287
0.8719255924224854
1.1337144374847412
1.2913455963134766
1.2420885562896729
0.8234131336212158
0.9911649227142334
1.2230274677276611
1.0818676948547363
0.9017553329467773
0.3638143539428711
1.1498806476593018
1.2354183197021484
1.3250727653503418
1.7820696830749512
1.93031907081604
2.3856093883514404
0.8962037563323975
0.7270312309265137
1.9886927604675293
2.541022539138794
0.8481528759002686
0.8717818260192871
0.8678188323974609
2.376448631286621
0.7051501274108887
0.6226677894592285
0.7230043411254883
0.7542908191680908
1.0771255493164062
1.2460927963256836
1.1260385513305664
5.837394714355469
1.0191068649291992
1.0353848934173584
0.571406364440918
0.5932049751281738
0.9710662364959717
1.4353439807891846
0.939274787902832
1.1202621459960938
1.0962986946105957
1.0573725700378418
2.4996461868286133
1.8600139617919922
0.922992467880249
1.3363595008850098
1.064906358718872
0.9381532669067383
0.9401156902313232
0.7188246250152588
0.6681516170501709
1.0351288318634033
0.8310060501098633
0.9099266529083252
2.065483808517456
1.9908020496368408
1.253674030303955
1.0105152130126953
1.0863845348358154
0.881922721862793
5.136568069458008
1.1266262531280518
1.3231935501098633
1.3729605674743652
0.8268392086029053
2.224670648574829
0.8767218589782715
2.5120201110839844
0.7783410549163818
1.5013303756713867
1.3988807201385498
1.3804829120635986
3.9804506301879883
0.7654759883880615
0.6455283164978027
0.5225512981414795
1.5327918529510498
1.1573879718780518
1.030533790588379
0.7851479053497314
0.8867332935333252
