1.7286789417266846
0.6915304660797119
0.8701972961425781
0.6150839328765869
0.6151173114776611
0.7564315795898438
0.7992641925811768
0.6173696517944336
0.6024608612060547
0.8493175506591797
1.678837537765503
0.991560697555542
1.4188973903656006
0.76149582862854
1.0395050048828125
0.90311598777771
0.7070927619934082
1.0699489116668701
1.606964349746704
1.184706211090088
0.4658834934234619
0.5298848152160645
0.596508264541626
0.6041381359100342
1.1123578548431396
0.613034725189209
0.8797328472137451
1.2037029266357422
0.945892333984375
1.5530402660369873
0.7811582088470459
1.1096673011779785
1.5001728534698486
1.207247018814087
0.923466682434082
0.8574187755584717
0.7678613662719727
10.009443044662476
0.726041316986084
1.051774501800537
1.3377602100372314
1.3918583393096924
2.125676393508911
0.8218159675598145
1.051598072052002
1.050684928894043
0.9086751937866211
0.5117661952972412
0.9819858074188232
6.227080345153809
1.63932204246521
1.037977933883667
0.5134758949279785
0.8512167930603027
1.2252871990203857
1.177156925201416
1.26051926612854
0.5831453800201416
0.5215752124786377
0.9052474498748779
1.198038101196289
1.1311569213867188
1.507117748260498
1.0928525924682617
1.04738450050354
0.698561429977417
0.7313063144683838
0.6686973571777344
0.9103522300720215
0.9727504253387451
1.1225872039794922
1.1853551864624023
1.1312952041625977
1.055384874343872
1.1275184154510498
1.01118803024292
0.8397805690765381
1.2071864604949951
0.8612594604492188
0.7939705848693848
0.9256942272186279
1.1044986248016357
1.2081005573272705
1.297600507736206
2.3162484169006348
1.000417709350586
1.2489020824432373
1.0010268688201904
0.8485336303710938
1.5367376804351807
0.7862002849578857
0.7754268646240234
0.7702407836914062
0.6541566848754883
0.6679694652557373
1.3854806423187256
0.7706263065338135
0.9180541038513184
0.796882152557373
0.7688009738922119
