4.718957901000977
1.895003080368042
3.863356351852417
2.5248830318450928
3.341684103012085
2.958771228790283
12.401048421859741
1.8388278484344482
1.524336576461792
2.006446599960327
8.67377781867981
2.3391926288604736
10.350234746932983
1.58225417137146
7.994364023208618
3.0060627460479736
1.344970703125
2.5438389778137207
2.4266955852508545
2.2336905002593994
2.430875778198242
12.047202587127686
2.5493526458740234
8.258885145187378
4.804149150848389
6.826693058013916
2.6996052265167236
2.4182963371276855
2.2466530799865723
3.0410056114196777
2.655183792114258
3.71148943901062
7.2686426639556885
2.5670454502105713
10.503308296203613
3.1062309741973877
2.783881902694702
10.011860132217407
2.7163283824920654
2.3673760890960693
3.686547040939331
8.647599458694458
2.941211223602295
3.0832176208496094
3.615462303161621
3.2745044231414795
3.431001663208008
2.049703598022461
2.132093667984009
2.2411718368530273
5.523808479309082
2.1483144760131836
2.410419464111328
2.555222749710083
2.226837635040283
2.4790308475494385
7.24928092956543
2.233128547668457
6.072209358215332
2.5887491703033447
10.894747734069824
10.500254154205322
2.912310838699341
6.867624521255493
2.634199619293213
2.009953498840332
2.440098762512207
2.444579601287842
3.0485029220581055
4.945607900619507
3.6233036518096924
3.481680393218994
13.665614366531372
7.092368841171265
2.5394790172576904
1.9778149127960205
10.168792009353638
10.112298011779785
2.26765513420105
2.367466926574707
2.2535204887390137
7.780254364013672
2.297396421432495
2.464228630065918
2.058619737625122
2.4914636611938477
2.101832389831543
3.5442240238189697
4.332275390625
2.4684157371520996
3.1315598487854004
6.799790620803833
1.6621155738830566
2.130951166152954
9.91424822807312
2.4825940132141113
2.450906276702881
4.438138008117676
2.515702486038208
2.021972179412842
