2.6367788314819336
3.347728967666626
1.6100077629089355
1.4501023292541504
3.0894134044647217
2.0272409915924072
1.5583343505859375
1.9293200969696045
3.3792309761047363
2.4679722785949707
1.4105479717254639
1.0192515850067139
3.574110507965088
1.4213802814483643
1.5569777488708496
2.939364433288574
2.061448574066162
1.8418793678283691
1.3150930404663086
1.5482454299926758
2.4057364463806152
1.895862340927124
1.2326045036315918
3.8540687561035156
5.265384912490845
2.7387547492980957
1.325636386871338
4.399008274078369
3.4823060035705566
2.06915020942688
1.238509178161621
0.905632734298706
12.658621549606323
1.6604154109954834
1.9181678295135498
2.741164445877075
3.043311834335327
3.600684642791748
2.925696611404419
1.854879379272461
1.218768835067749
2.6323883533477783
1.389512538909912
1.5555682182312012
0.9700942039489746
4.445394039154053
5.4292919635772705
1.3975930213928223
1.5173826217651367
3.457791805267334
1.7977545261383057
1.721315622329712
2.762639045715332
1.200059175491333
1.421431303024292
1.034735918045044
5.801637649536133
1.1920442581176758
1.4309043884277344
1.0157134532928467
1.620267629623413
1.661167860031128
1.302292823791504
1.5547599792480469
1.4399986267089844
3.8781814575195312
1.6283519268035889
1.8388960361480713
2.3824973106384277
1.600400686264038
4.633354425430298
1.3965082168579102
0.8234095573425293
2.5187578201293945
3.5117902755737305
1.6682751178741455
1.284271240234375
4.333358526229858
1.3612208366394043
2.623507499694824
1.0516977310180664
3.41595721244812
3.405454635620117
1.7827270030975342
1.4360294342041016
6.988727807998657
2.452687978744507
1.3498332500457764
1.5790026187896729
2.0859687328338623
1.0203218460083008
1.4457225799560547
1.3321588039398193
2.023688316345215
1.9918982982635498
1.1406865119934082
1.4641385078430176
3.509119749069214
2.27789568901062
1.2019526958465576
4.2153356075286865
1.9063665866851807
3.3432013988494873
1.699812412261963
1.2567734718322754
1.7390069961547852
1.4478845596313477
4.822550296783447
5.128840684890747
1.0473058223724365
1.7568180561065674
3.1292495727539062
1.1730692386627197
6.019401550292969
1.985490083694458
2.7380268573760986
1.6905579566955566
1.8671579360961914
1.179201364517212
5.129340887069702
1.0913279056549072
2.15067458152771
1.4144659042358398
1.3352839946746826
1.3424098491668701
3.0275542736053467
2.14792537689209
1.5949156284332275
1.3383123874664307
1.4523282051086426
2.7686712741851807
6.019692897796631
2.1698806285858154
1.5882229804992676
1.5333621501922607
2.615443229675293
1.8849220275878906
1.3713304996490479
1.484485387802124
1.4450109004974365
1.5842516422271729
1.3160245418548584
3.6337814331054688
3.2072219848632812
1.468172311782837
1.5241765975952148
1.8018174171447754
1.3761377334594727
1.0864181518554688
2.4049627780914307
8.086220264434814
3.496673107147217
4.524077415466309
1.423651933670044
1.2798492908477783
1.4528462886810303
2.7797508239746094
1.171773910522461
1.7552947998046875
1.18922758102417
4.406972646713257
1.156189203262329
1.4068479537963867
1.4209527969360352
4.285165786743164
2.2163867950439453
1.7020039558410645
1.3325097560882568
3.0006966590881348
1.5288331508636475
2.1295480728149414
1.6644105911254883
1.2681200504302979
1.385007619857788
5.275802135467529
4.620265007019043
1.3848075866699219
2.8408243656158447
1.3326489925384521
4.247238874435425
3.984891176223755
1.2656850814819336
1.2239289283752441
1.2044081687927246
3.8937411308288574
4.2808449268341064
1.2516779899597168
1.192197561264038
1.331122875213623
1.615530014038086
2.1143789291381836
1.7548983097076416
1.032297134399414
3.395219087600708
2.1060757637023926
5.619110345840454
1.1812715530395508
2.852001428604126
1.599217414855957
2.708198308944702
5.3743767738342285
2.206740379333496
1.3326053619384766
4.337706089019775
1.7351107597351074
1.521958589553833
4.888109445571899
1.4599072933197021
2.1624820232391357
1.3942196369171143
2.7512214183807373
1.6418912410736084
7.432705640792847
1.6668047904968262
3.679065227508545
2.8885934352874756
1.8884379863739014
3.0645065307617188
2.110499858856201
1.8195552825927734
1.1769671440124512
1.3343627452850342
2.863461494445801
3.2283406257629395
1.2968716621398926
1.2115254402160645
1.1289830207824707
13.41756296157837
2.81717586517334
1.1690809726715088
2.115868091583252
1.679886817932129
6.191688776016235
1.9547359943389893
1.4763219356536865
2.2360270023345947
1.8903999328613281
1.3415424823760986
5.548224687576294
1.4618754386901855
1.679581642150879
1.7562217712402344
1.51509690284729
2.591339111328125
2.2272768020629883
3.6742491722106934
1.74782133102417
1.1410610675811768
4.165435552597046
1.962632656097412
1.4770348072052002
1.637533187866211
4.294471979141235
1.7490675449371338
1.751986026763916
21.87323522567749
2.3141160011291504
1.9783060550689697
1.36470365524292
1.4564158916473389
3.192786455154419
2.8906733989715576
1.7741446495056152
2.60754656791687
1.3706862926483154
3.3066883087158203
2.137760877609253
4.934640645980835
10.682894468307495
1.3674592971801758
2.2779362201690674
2.517962694168091
1.0073657035827637
8.823225259780884
1.121088981628418
1.795818567276001
4.0094194412231445
2.1147329807281494
2.25014591217041
3.3096275329589844
3.7276034355163574
1.889033317565918
8.065253257751465
2.0911481380462646
1.2437160015106201
1.6953651905059814
2.7691705226898193
1.6303293704986572
1.8193786144256592
2.5934605598449707
2.852476119995117
1.6351113319396973
1.859609842300415
1.2021327018737793
3.4355759620666504
1.7691586017608643
1.5332114696502686
1.1754014492034912
3.1253137588500977
2.390176773071289
