2.270615339279175
5.910780429840088
3.7236721515655518
1.0107953548431396
1.000234603881836
1.0992817878723145
2.0138332843780518
1.1812152862548828
1.0681090354919434
1.2614495754241943
1.871781587600708
1.1099364757537842
3.061561107635498
4.779341459274292
8.676831007003784
1.2042779922485352
3.449828863143921
3.868793487548828
2.2233855724334717
1.0135438442230225
5.963247537612915
1.0573160648345947
3.0090529918670654
1.6120579242706299
3.0321781635284424
3.0765268802642822
2.5688021183013916
4.043888568878174
3.7855687141418457
6.306423187255859
1.0293920040130615
1.0807998180389404
1.0781877040863037
1.5308198928833008
4.595473051071167
4.277351379394531
3.337679147720337
2.006636381149292
1.1815707683563232
1.3819966316223145
1.2457165718078613
4.518038749694824
4.901251554489136
1.2719178199768066
1.9614863395690918
2.216127634048462
2.562001943588257
1.6085636615753174
1.3108255863189697
1.6139655113220215
2.952420473098755
1.651169776916504
1.4674506187438965
6.604773283004761
1.4618897438049316
1.3580577373504639
0.7591781616210938
0.8477163314819336
5.749264478683472
2.877979040145874
2.467349052429199
1.1022708415985107
1.1317474842071533
1.5454833507537842
1.57236909866333
1.4205667972564697
1.5519437789916992
2.8214101791381836
2.9958038330078125
3.086215019226074
1.8558294773101807
1.7007644176483154
1.5417616367340088
1.447845697402954
1.828690767288208
1.8105683326721191
3.601801872253418
4.501272439956665
3.3197779655456543
5.774394750595093
0.8602585792541504
0.9425745010375977
0.9141120910644531
0.9923856258392334
1.0599994659423828
1.2308228015899658
4.565231561660767
4.385974884033203
1.366698980331421
1.3080787658691406
4.885735034942627
1.5676193237304688
1.5420165061950684
1.016094446182251
1.2988462448120117
1.106844186782837
2.1879608631134033
3.89705753326416
1.1538991928100586
1.3364248275756836
