2.4403061866760254
0.15521979331970215
0.13203167915344238
0.31493639945983887
0.23666930198669434
0.7929534912109375
0.6898787021636963
0.19926691055297852
0.8051555156707764
0.7976233959197998
0.481886625289917
0.7448520660400391
1.2279329299926758
1.0365326404571533
0.5775153636932373
0.6442961692810059
0.4289226531982422
0.19477081298828125
0.15546488761901855
0.5019683837890625
1.2843921184539795
0.8238663673400879
0.7245509624481201
0.14549922943115234
0.7055118083953857
0.34887146949768066
0.08671975135803223
0.45882368087768555
0.9317448139190674
1.5521306991577148
0.5058443546295166
0.8580963611602783
1.0956296920776367
0.8743200302124023
0.6992895603179932
0.13539361953735352
0.4892091751098633
0.46512508392333984
0.5731031894683838
0.6953067779541016
0.4781670570373535
9.94680142402649
0.760786771774292
0.509871244430542
0.8408834934234619
0.8031058311462402
0.61956787109375
0.5673346519470215
0.6109938621520996
0.5258266925811768
0.9012448787689209
0.12571191787719727
0.6238031387329102
0.6353459358215332
0.6818671226501465
0.7777585983276367
0.263871431350708
0.04647660255432129
0.7826368808746338
0.5182604789733887
0.4630625247955322
0.15629959106445312
0.4294004440307617
0.29413843154907227
0.26918673515319824
0.8674166202545166
1.0225305557250977
0.5264506340026855
0.4795958995819092
0.484799861907959
0.7484402656555176
0.7797868251800537
0.7177619934082031
0.8873534202575684
0.9604504108428955
1.0471978187561035
0.7958266735076904
0.7017221450805664
1.0367982387542725
0.9450724124908447
0.5188896656036377
0.6741786003112793
0.5758397579193115
0.6249184608459473
0.7677822113037109
0.24225449562072754
0.5584352016448975
0.6243088245391846
0.4602677822113037
0.45653796195983887
0.5946304798126221
0.22635245323181152
0.21471929550170898
0.5367772579193115
0.47794651985168457
0.15074634552001953
9.735714435577393
0.8121027946472168
0.19388794898986816
0.19161105155944824
