3.8993465900421143
1.0289373397827148
0.5149927139282227
0.5567960739135742
1.0061943531036377
0.9577817916870117
0.9920310974121094
0.9274728298187256
0.8234355449676514
0.8614673614501953
0.8910133838653564
1.2285630702972412
1.0313630104064941
1.0458903312683105
1.1605796813964844
1.9116127490997314
0.7482035160064697
0.7080955505371094
0.6913836002349854
1.6748619079589844
1.9055917263031006
1.0217514038085938
1.7685186862945557
0.9807605743408203
0.9923732280731201
0.7067043781280518
0.5761058330535889
0.9739253520965576
1.0221278667449951
4.433332920074463
0.37755846977233887
0.4399831295013428
0.7222611904144287
1.93412446975708
3.119513750076294
0.1358509063720703
4.276799917221069
6.218573331832886
0.6484963893890381
0.890399694442749
0.7336938381195068
4.1738293170928955
0.9225461483001709
0.522092342376709
0.7815124988555908
0.7246475219726562
1.477724313735962
0.8459973335266113
0.758305549621582
1.0559906959533691
0.6759061813354492
0.9481394290924072
0.9262447357177734
2.9626259803771973
7.60235333442688
8.289185762405396
0.30732297897338867
0.5829885005950928
0.9114151000976562
0.27939367294311523
2.285802125930786
0.6468021869659424
0.6147572994232178
0.925546407699585
1.0420808792114258
2.1779184341430664
1.7066731452941895
8.99981951713562
2.858795166015625
2.610408067703247
0.892082691192627
1.0162913799285889
0.9021816253662109
0.8316631317138672
1.627378225326538
2.7814300060272217
2.722426176071167
2.043452024459839
4.40633749961853
4.465790510177612
0.43622803688049316
0.5179264545440674
0.581432580947876
0.563713550567627
1.4274349212646484
0.07476687431335449
2.496721029281616
2.1197235584259033
0.8560225963592529
0.9180617332458496
0.7077710628509521
0.868227481842041
2.902069568634033
0.622866153717041
0.6229391098022461
1.3741142749786377
1.6342346668243408
0.7263479232788086
0.0778510570526123
0.6422557830810547
