2.9150633811950684
2.366039991378784
0.6986088752746582
0.8171041011810303
1.0349030494689941
1.2835042476654053
1.0520150661468506
1.0938830375671387
1.2500426769256592
1.6469366550445557
1.4118120670318604
1.819911003112793
1.483957052230835
1.3074569702148438
1.319575309753418
1.4196045398712158
1.243100881576538
0.9621915817260742
1.4954032897949219
0.9266355037689209
2.7260007858276367
2.064861536026001
2.2298779487609863
1.2403504848480225
2.2906787395477295
0.9618456363677979
0.6929812431335449
3.2066450119018555
6.291312217712402
1.5350854396820068
0.7228720188140869
0.7781355381011963
2.0205585956573486
1.5070483684539795
1.4430272579193115
0.7767527103424072
2.721074104309082
1.4233009815216064
0.8366966247558594
0.9275166988372803
0.9927310943603516
1.5015714168548584
1.7050960063934326
1.0680739879608154
1.3645522594451904
1.7570292949676514
2.1351499557495117
1.5067355632781982
3.047311544418335
3.3748795986175537
3.758556604385376
1.5448508262634277
1.584449052810669
1.5407593250274658
1.4841382503509521
4.869763135910034
0.5678942203521729
0.807079553604126
3.003385543823242
3.4314005374908447
0.7056267261505127
2.328115463256836
1.096095085144043
1.6508073806762695
1.629758358001709
6.713111639022827
5.277624607086182
1.6197624206542969
1.3563148975372314
4.468782663345337
1.5097289085388184
1.5330572128295898
2.1033735275268555
1.781567096710205
2.171454668045044
1.5913305282592773
1.1665668487548828
1.4270517826080322
5.136342525482178
4.4189863204956055
3.2095651626586914
0.6901171207427979
2.5797994136810303
1.075340747833252
1.0987839698791504
0.2834129333496094
3.318030834197998
2.392051935195923
1.0222439765930176
1.0484342575073242
0.7330508232116699
1.3241255283355713
1.294083833694458
0.7998549938201904
3.0162246227264404
3.047898054122925
1.0050735473632812
2.6267614364624023
0.10454368591308594
0.23539447784423828
