1.4435665607452393
3.6541357040405273
0.6768031120300293
5.179572820663452
2.2811834812164307
2.142268419265747
1.9861738681793213
2.0108399391174316
2.270845890045166
1.906134843826294
2.0110726356506348
2.081914186477661
6.803213834762573
10.797741174697876
1.3032217025756836
0.9891562461853027
3.963714599609375
3.4128925800323486
5.525017976760864
0.8156099319458008
3.5371952056884766
8.372773885726929
1.6828510761260986
1.081218957901001
1.0680856704711914
0.875220775604248
0.6197688579559326
6.288646697998047
5.233007431030273
3.627281665802002
0.5899136066436768
0.7646853923797607
0.7643368244171143
3.872709274291992
4.248089551925659
3.249685287475586
3.6821653842926025
3.822376012802124
0.9689607620239258
1.0845587253570557
1.510497808456421
4.583452463150024
3.1300454139709473
7.334371566772461
1.176551103591919
1.5019071102142334
0.9350314140319824
1.1072180271148682
9.336020231246948
0.8553130626678467
4.15898060798645
1.14188814163208
1.0175304412841797
4.534399747848511
4.502387285232544
5.180498838424683
0.7527718544006348
0.7313792705535889
0.9407498836517334
1.6291918754577637
1.6472134590148926
3.40653395652771
3.436445474624634
4.466365814208984
6.254791975021362
1.1861872673034668
7.195992946624756
0.9880146980285645
1.4633841514587402
6.143911123275757
1.0038738250732422
1.4260056018829346
1.1247494220733643
5.8127312660217285
2.0930826663970947
11.384156942367554
1.6048333644866943
5.031242609024048
8.458276987075806
5.738492965698242
0.730438232421875
0.7486138343811035
0.6616017818450928
0.6888890266418457
0.9528763294219971
4.1150922775268555
2.750089645385742
3.6004364490509033
0.9367713928222656
0.9349198341369629
5.417518615722656
1.1352202892303467
1.1848833560943604
3.7038614749908447
1.3437724113464355
1.227583408355713
11.261638879776001
7.60635232925415
0.8950810432434082
0.909264326095581
