2.754162311553955
1.9513654708862305
2.8107333183288574
1.9865195751190186
2.099815845489502
3.057971715927124
2.5816400051116943
6.567672252655029
2.570875406265259
4.87187647819519
1.5286736488342285
1.590773105621338
5.156899690628052
2.4227964878082275
57.910576820373535
3.714109420776367
2.8003978729248047
1.4841954708099365
25.65173101425171
3.4741437435150146
3.722120523452759
1.8413655757904053
1.71421217918396
30.47687554359436
2.8992748260498047
1.6837759017944336
2.014085054397583
7.408369541168213
1.5130646228790283
3.3856472969055176
2.9997987747192383
3.8971469402313232
2.783189296722412
3.731294870376587
5.531099081039429
1.7389662265777588
3.9724953174591064
6.718178749084473
6.822178840637207
0.8875851631164551
1.8410699367523193
1.6905653476715088
2.899118185043335
1.8384339809417725
3.496147871017456
2.553622007369995
2.0172431468963623
3.448721170425415
1.790665864944458
2.9165592193603516
5.300543308258057
2.448716640472412
1.6017956733703613
1.9129338264465332
1.7698237895965576
2.1249656677246094
1.7912957668304443
1.8748219013214111
1.7221355438232422
9.25056266784668
3.988227128982544
2.213711977005005
2.7362380027770996
0.8925356864929199
1.4800958633422852
4.217466115951538
27.13059949874878
5.662829160690308
1.9965884685516357
2.4851388931274414
1.7724661827087402
4.214397192001343
23.975096464157104
1.8412251472473145
3.656273126602173
4.3249430656433105
1.847710132598877
3.9852051734924316
1.5918593406677246
1.60890531539917
1.8630595207214355
4.068138837814331
3.7248458862304688
38.60531306266785
1.5897572040557861
3.0169975757598877
2.081770658493042
1.5453412532806396
4.27611231803894
1.3346426486968994
1.7374742031097412
3.9713943004608154
3.7242519855499268
2.687498092651367
2.1723382472991943
1.7627856731414795
3.1496198177337646
1.550297737121582
6.219913959503174
1.5143847465515137
