2.871370792388916
163.39810872077942
15.782337188720703
9.167889595031738
216.0443286895752
17.409095287322998
19.45813298225403
24.377150774002075
57.65613865852356
53.55039119720459
63.224613189697266
63.5545859336853
20.408384561538696
14.930049657821655
338.0444583892822
3.6211612224578857
62.672749757766724
89.46591377258301
234.71015882492065
77.232830286026
66.44415879249573
70.15662097930908
62.56619906425476
3.1605286598205566
90.41734743118286
66.18958950042725
24.30172348022461
35.611700773239136
28.80487322807312
53.032549142837524
26.404446125030518
8.783531427383423
71.07977104187012
239.7817099094391
37.90238928794861
37.24816083908081
14.066900968551636
12.080486297607422
64.65233612060547
37.63479685783386
68.45399522781372
297.5573854446411
106.57538318634033
208.1618640422821
229.25164484977722
3.0744454860687256
45.68270468711853
17.173591375350952
24.309377431869507
59.70549130439758
80.89175844192505
64.50911331176758
87.0257511138916
69.15352869033813
78.91048645973206
69.72594094276428
25.574920177459717
146.15884041786194
19.355395078659058
27.63926672935486
3.006080150604248
4.02684760093689
353.14589619636536
64.85971164703369
208.88551878929138
33.59868240356445
74.99992179870605
146.28777384757996
48.1757915019989
323.70366621017456
62.194380044937134
30.27926468849182
58.5311918258667
57.8364839553833
69.9686369895935
74.98912692070007
42.28998303413391
22.730032205581665
69.11032843589783
18.811901330947876
4.40685772895813
9.307051181793213
173.20229172706604
2.257733106613159
76.87119936943054
256.05063581466675
134.85504722595215
29.67252230644226
22.582606554031372
17.05036425590515
19.550124168395996
58.94019031524658
41.26825022697449
75.97570586204529
