2.6724472045898438
223.29863381385803
14.499708652496338
13.625073909759521
80.07199716567993
18.686174154281616
21.66101861000061
22.029136657714844
53.47435259819031
140.9868302345276
61.80355763435364
70.4770016670227
21.808716297149658
12.267002582550049
337.3439769744873
2.928227424621582
46.05852794647217
82.36588382720947
237.727685213089
231.6653184890747
69.09918665885925
30.329153776168823
170.74121928215027
1.9267487525939941
22.282060384750366
50.94694685935974
23.435726642608643
106.47401165962219
26.741341590881348
156.5428385734558
23.839520692825317
2.0502986907958984
97.25472497940063
173.66975212097168
40.49650835990906
36.816078186035156
1.6247859001159668
12.485321760177612
217.060795545578
32.5690495967865
126.94940114021301
320.30676198005676
321.90385150909424
107.15811800956726
93.99505829811096
1.490128517150879
47.94057297706604
16.101351499557495
20.94992470741272
56.84823179244995
60.614142656326294
80.31689071655273
103.17410206794739
86.85299873352051
87.08896231651306
67.49968075752258
10.099726676940918
377.08132910728455
16.65136480331421
26.21662926673889
4.018374919891357
2.371769428253174
423.57079100608826
14.403327465057373
90.5643584728241
30.675544261932373
84.37872552871704
431.0721387863159
48.933679819107056
423.0401542186737
48.42288780212402
73.73108506202698
41.267637968063354
162.77129435539246
71.54095554351807
82.10036540031433
96.54816317558289
24.03089189529419
76.27102041244507
16.83739399909973
3.3642730712890625
3.2256925106048584
418.1062171459198
2.4123682975769043
67.06035280227661
374.8888404369354
356.12619256973267
23.45585322380066
19.727789640426636
14.106096029281616
9.677248239517212
55.20028209686279
43.921316623687744
50.95319366455078
