2.5611391067504883
2.0234735012054443
0.915881872177124
1.14113450050354
0.9070136547088623
1.3452014923095703
1.1286253929138184
1.0840377807617188
5.554045677185059
1.8082783222198486
1.747314453125
2.3841025829315186
3.203625440597534
1.1513910293579102
1.1949183940887451
1.0920472145080566
1.2270119190216064
1.5546643733978271
1.0040068626403809
2.391045093536377
4.317314386367798
1.1653151512145996
1.113997459411621
1.2351124286651611
5.356127977371216
2.7881081104278564
1.3186161518096924
4.040106534957886
4.34672474861145
2.070866584777832
1.219709873199463
0.7134039402008057
4.754802703857422
1.1931698322296143
1.6387443542480469
1.9569225311279297
0.9650750160217285
2.969569683074951
2.105156421661377
1.031754970550537
0.8093507289886475
0.9658551216125488
0.9997813701629639
1.4792096614837646
0.7839992046356201
4.102423667907715
3.713458299636841
1.203188419342041
1.051469087600708
2.8447232246398926
1.3521158695220947
1.3386561870574951
1.5751793384552002
1.700716257095337
1.576326608657837
0.8105950355529785
1.7813212871551514
0.947169303894043
1.0429580211639404
0.6475918292999268
1.1024274826049805
3.9233570098876953
0.8893547058105469
1.5309982299804688
1.1724603176116943
3.2749245166778564
0.9841184616088867
1.3905448913574219
1.7620162963867188
1.0286779403686523
3.871325969696045
1.1968131065368652
1.59869384765625
1.374072551727295
1.497100591659546
1.8381712436676025
1.0462665557861328
4.248528480529785
1.9439797401428223
1.1686735153198242
1.6750576496124268
1.6682651042938232
3.0382721424102783
1.246992588043213
1.1603858470916748
18.076430082321167
2.4511985778808594
3.0552806854248047
1.051551342010498
1.5554587841033936
0.8735995292663574
1.123126745223999
1.1516358852386475
2.2999942302703857
1.828125
0.8472354412078857
1.1769988536834717
3.7141644954681396
2.218090295791626
0.9301564693450928
1.241471767425537
1.9340832233428955
3.8575515747070312
1.0602996349334717
1.0220613479614258
0.943120002746582
1.2775723934173584
1.0467755794525146
1.1893632411956787
0.8671736717224121
1.1189370155334473
1.1794524192810059
0.9307820796966553
2.82598614692688
2.3668642044067383
2.433913469314575
1.1225719451904297
1.0214929580688477
3.9286084175109863
0.8940725326538086
1.0348355770111084
1.0382366180419922
1.0166816711425781
1.136319637298584
1.4148893356323242
2.2024424076080322
3.705335855484009
2.385498285293579
0.9474961757659912
2.504842758178711
1.1997950077056885
3.6942977905273438
1.5407366752624512
1.065312385559082
1.2323410511016846
2.652669668197632
1.893357753753662
1.2096190452575684
1.0449025630950928
1.1025402545928955
1.2310898303985596
1.0435564517974854
3.4598748683929443
3.573943853378296
1.2276027202606201
1.213737964630127
1.3274905681610107
0.9864180088043213
1.0750374794006348
1.1746032238006592
2.4024932384490967
2.267880439758301
4.065064907073975
0.8109383583068848
1.8644990921020508
3.012995719909668
0.8583917617797852
0.7783095836639404
1.4736416339874268
2.509112596511841
1.8350777626037598
1.8450846672058105
1.3503599166870117
1.0860512256622314
5.011493921279907
1.0825974941253662
2.026005983352661
1.0180609226226807
15.023132085800171
2.926668643951416
1.6176414489746094
1.5275554656982422
0.9771766662597656
1.257014513015747
4.758232355117798
1.1763849258422852
1.2170562744140625
5.280956506729126
1.2536094188690186
1.6953372955322266
4.089534044265747
0.9394309520721436
0.8256409168243408
1.0661625862121582
2.319190502166748
1.2233412265777588
0.8537964820861816
0.9328393936157227
1.0819742679595947
0.8487167358398438
1.0047667026519775
1.5494067668914795
0.8731679916381836
1.7529997825622559
1.49979567527771
1.8510105609893799
1.0287001132965088
3.577035903930664
1.4612977504730225
4.064555883407593
2.4281258583068848
1.7365283966064453
4.524857044219971
3.9029479026794434
1.4017822742462158
2.4688777923583984
2.0744457244873047
1.3353290557861328
1.8460087776184082
1.3155882358551025
1.6543855667114258
1.6650323867797852
4.196612119674683
2.984894275665283
1.8507282733917236
1.1509335041046143
1.2809154987335205
1.9820420742034912
1.6147480010986328
1.2241017818450928
1.1326258182525635
1.371229648590088
3.7367680072784424
1.2229416370391846
0.9968814849853516
0.8789656162261963
1.9924647808074951
0.9254851341247559
2.7170777320861816
0.8402490615844727
1.1236400604248047
1.6723802089691162
1.6193602085113525
3.8789689540863037
1.6507008075714111
2.0230228900909424
1.540562629699707
1.0898900032043457
4.593642473220825
1.3676881790161133
1.0923845767974854
0.955268144607544
1.113725185394287
1.0750086307525635
1.2932920455932617
1.6148109436035156
1.0884816646575928
0.8884992599487305
3.407311201095581
1.4363152980804443
1.1279535293579102
2.438016653060913
1.2679388523101807
1.6054704189300537
1.7000586986541748
1.319859504699707
1.8205609321594238
1.583130121231079
1.7839431762695312
1.1057589054107666
1.1674365997314453
2.5618479251861572
1.054917335510254
1.0176832675933838
1.1438767910003662
1.6760034561157227
1.2178173065185547
4.031477689743042
5.998498916625977
1.1456902027130127
1.3174703121185303
2.498037576675415
3.2698354721069336
1.6223149299621582
0.9202463626861572
1.4156489372253418
2.1499218940734863
1.4332549571990967
1.9120769500732422
3.836299419403076
2.276482343673706
1.4075796604156494
6.8304338455200195
3.315262794494629
1.0804247856140137
1.20932936668396
3.3396389484405518
2.5902702808380127
1.8099567890167236
1.447190284729004
4.188015699386597
1.5203640460968018
1.6151690483093262
0.8265314102172852
2.844255208969116
1.6021499633789062
1.1137123107910156
0.7114315032958984
1.8247509002685547
1.56825852394104
