2.1498754024505615
5.77539849281311
3.7037529945373535
1.4524755477905273
1.0817909240722656
3.509559392929077
1.5171151161193848
1.561406135559082
2.1923038959503174
1.831671953201294
1.3348815441131592
3.876338481903076
1.8605632781982422
1.4017622470855713
1.3017494678497314
1.2642083168029785
1.4600353240966797
5.155647277832031
1.1735284328460693
2.210517406463623
42.79627346992493
2.495242118835449
1.145874261856079
3.0001301765441895
1.722139596939087
8.360199451446533
1.2519638538360596
2.9127559661865234
1.2402856349945068
1.404554843902588
1.0891249179840088
0.9280071258544922
5.549947023391724
1.2765400409698486
1.1141345500946045
1.041703701019287
1.715010166168213
1.6732919216156006
6.6588826179504395
2.056025505065918
1.3224973678588867
1.0073769092559814
1.211195468902588
0.9573471546173096
2.4058034420013428
6.076797962188721
1.5414104461669922
7.024512529373169
1.4338924884796143
4.3348305225372314
0.8172099590301514
4.621403217315674
3.5938339233398438
0.9534897804260254
1.886371374130249
0.963451623916626
9.089420318603516
0.9459538459777832
1.216383457183838
1.0052111148834229
1.9651014804840088
7.134075403213501
1.299391269683838
25.811237335205078
3.9849791526794434
3.8464479446411133
1.227278709411621
0.7834219932556152
2.515446424484253
1.3227908611297607
7.614756345748901
1.5728745460510254
2.359417676925659
1.3161518573760986
5.753482818603516
1.4479644298553467
0.7565975189208984
1.6144516468048096
1.2049524784088135
1.4766428470611572
1.3082895278930664
3.364729404449463
2.1702165603637695
1.1734564304351807
1.4095215797424316
1.9861819744110107
1.1780152320861816
5.544841766357422
3.0366909503936768
0.9834542274475098
0.858128547668457
1.319852590560913
1.5414903163909912
1.320537805557251
2.4190821647644043
1.2621181011199951
1.268540859222412
1.9698288440704346
1.7219738960266113
1.087904930114746
1.5063600540161133
1.8153040409088135
6.092068195343018
1.0620596408843994
1.0739367008209229
1.4984381198883057
1.587923288345337
5.935443878173828
2.9014604091644287
0.9659268856048584
1.4572720527648926
1.2138471603393555
2.394357681274414
13.010133028030396
2.7051684856414795
1.1568341255187988
1.7770392894744873
1.8643181324005127
1.17974853515625
0.7896833419799805
1.1469461917877197
1.4768166542053223
1.3868823051452637
2.633305549621582
1.5333445072174072
3.228398084640503
5.355952501296997
3.3682801723480225
1.2075908184051514
1.3088102340698242
0.8370983600616455
4.423976421356201
2.162830114364624
1.4565386772155762
1.2502648830413818
2.268120527267456
2.0983846187591553
1.561988115310669
1.2962844371795654
1.3287196159362793
1.4943439960479736
0.9710993766784668
1.5885405540466309
10.146550416946411
1.3466744422912598
1.1528425216674805
5.616204023361206
1.4158895015716553
1.656022548675537
1.5900766849517822
1.23732328414917
2.8626532554626465
6.872810125350952
2.855186939239502
1.363856315612793
1.069688320159912
1.2471692562103271
1.1536736488342285
1.714667797088623
2.3268961906433105
2.7417984008789062
2.1864206790924072
1.3604755401611328
1.354325771331787
5.319962501525879
1.4585800170898438
1.6985480785369873
1.2609491348266602
1.567594289779663
3.085665225982666
1.3101387023925781
1.8335158824920654
2.1156420707702637
1.9374134540557861
2.738764524459839
1.3663537502288818
1.4665923118591309
1.2443265914916992
4.290934324264526
1.9640378952026367
4.16722559928894
2.005624771118164
1.4774165153503418
1.2955713272094727
1.6758363246917725
2.440531015396118
1.3275432586669922
1.148242712020874
0.8937921524047852
1.021172285079956
1.0583500862121582
1.6005027294158936
2.35522198677063
1.3671150207519531
1.0861668586730957
1.7917091846466064
1.2632853984832764
1.8327341079711914
1.4729769229888916
11.447182893753052
1.4736390113830566
1.3448784351348877
1.6478838920593262
1.5177080631256104
20.148540496826172
1.3112056255340576
1.4240930080413818
1.3687279224395752
2.4295225143432617
1.3079586029052734
2.3073112964630127
1.4479928016662598
1.4863524436950684
1.9950711727142334
1.9190988540649414
1.5636606216430664
3.460500717163086
2.349936008453369
1.2386219501495361
25.74386763572693
1.6707465648651123
1.6012020111083984
1.9379522800445557
2.002061128616333
1.6863930225372314
1.5251011848449707
1.7994346618652344
1.2649407386779785
2.6985044479370117
1.0291142463684082
2.083094358444214
4.827609539031982
2.7697126865386963
2.4550840854644775
3.0693325996398926
8.928672552108765
2.337043046951294
2.1471335887908936
1.3310346603393555
1.5580005645751953
1.336888313293457
8.19892954826355
1.5984110832214355
1.4765238761901855
1.7875561714172363
3.5336954593658447
2.497563123703003
1.391066074371338
8.140918970108032
1.307072401046753
2.5748820304870605
1.7749156951904297
2.354465961456299
2.6838161945343018
1.8899426460266113
1.809194803237915
4.717683553695679
2.4980602264404297
2.713092803955078
2.7620975971221924
1.088881015777588
3.2621984481811523
1.5698668956756592
2.056544542312622
1.6259245872497559
12.486340522766113
24.15108871459961
1.6122753620147705
9.200442552566528
2.767507791519165
1.235039234161377
2.1563379764556885
0.8536880016326904
4.193431377410889
1.009446144104004
1.8228704929351807
2.7054834365844727
1.2134370803833008
2.027264356613159
0.8918652534484863
8.269598960876465
1.6805455684661865
12.510326862335205
0.9676518440246582
1.4540650844573975
1.1968705654144287
1.6590335369110107
22.22907042503357
1.7022578716278076
1.685305118560791
2.846583604812622
5.229550123214722
1.5168359279632568
0.802142858505249
4.849371910095215
6.106386423110962
1.7363669872283936
0.9594619274139404
5.194357872009277
1.744344711303711
