11.198972940444946
9.040666103363037
6.464006662368774
6.471760034561157
2.4870152473449707
32.37125110626221
2.800929307937622
9.024640083312988
2.3084981441497803
11.638248443603516
7.365622043609619
6.991981744766235
7.5118513107299805
10.178328514099121
2.1542646884918213
7.4841039180755615
8.681199789047241
6.293957233428955
6.636305570602417
7.419856309890747
15.704058408737183
3.6597797870635986
6.9347984790802
6.800877571105957
11.69409704208374
8.413304090499878
11.30472707748413
6.305187225341797
21.446885585784912
14.147463083267212
8.104451656341553
5.047071933746338
2.6763510704040527
7.879473686218262
2.4836349487304688
10.028606176376343
2.4989912509918213
2.7648582458496094
15.974488496780396
5.9113850593566895
2.4590065479278564
4.132630825042725
2.620772361755371
6.664649724960327
2.769864559173584
2.6622674465179443
6.640936613082886
10.934589862823486
6.347471714019775
6.7424092292785645
2.7656874656677246
3.208040952682495
15.305160284042358
2.4993646144866943
2.749472141265869
8.7289297580719
12.724812269210815
8.426563739776611
21.915872812271118
2.5690600872039795
12.711543083190918
3.8265578746795654
3.6872336864471436
10.444151878356934
2.304513692855835
7.83500337600708
2.528714418411255
2.645081043243408
10.325378894805908
2.018967628479004
2.752163887023926
7.0295634269714355
2.4983584880828857
2.566399097442627
3.1275157928466797
12.30632996559143
6.665045499801636
14.47048020362854
9.819865942001343
8.830511808395386
7.2804036140441895
6.658172845840454
7.377697706222534
2.4734537601470947
12.783034801483154
7.617449760437012
10.160603046417236
2.6054275035858154
2.6639838218688965
11.76834774017334
2.484034538269043
15.552602767944336
8.373724699020386
2.568739652633667
2.2626662254333496
2.6159160137176514
7.389188051223755
7.315688848495483
13.732523202896118
7.163104295730591
10.581327676773071
7.144024848937988
7.158575057983398
8.36785626411438
1.960742712020874
5.531504154205322
8.596202611923218
7.223223924636841
8.16415023803711
2.7350451946258545
2.4742612838745117
2.7080078125
2.5153141021728516
7.412883520126343
2.498767852783203
6.919557332992554
10.36696481704712
2.7163689136505127
8.733170747756958
22.469709873199463
2.1996419429779053
2.4028666019439697
3.1824605464935303
2.8991878032684326
3.217592477798462
7.749243497848511
7.63695216178894
2.4353835582733154
7.813281536102295
3.8485336303710938
11.114580631256104
2.6521105766296387
13.194934844970703
3.2707669734954834
3.305851459503174
2.903047800064087
14.758728981018066
2.5812034606933594
2.5552713871002197
3.38747501373291
20.79307794570923
8.338830947875977
12.607139825820923
7.219388008117676
2.938166856765747
8.969740629196167
22.722299814224243
3.5339317321777344
2.6546053886413574
18.355701684951782
2.6087608337402344
10.756255865097046
9.535001993179321
16.301868200302124
2.41245698928833
4.658041954040527
5.800250053405762
7.972043037414551
7.327613592147827
2.41373872756958
2.9050586223602295
10.374749422073364
7.7997307777404785
6.99112343788147
8.112647533416748
2.754251718521118
6.884030103683472
10.27666425704956
10.622881174087524
3.3975768089294434
2.3862385749816895
2.7251131534576416
2.5666744709014893
4.3585851192474365
10.388028621673584
7.406214714050293
3.315485715866089
3.4786486625671387
9.420906782150269
2.6099681854248047
7.3978447914123535
2.5966076850891113
2.743900775909424
3.1218483448028564
7.735851764678955
2.41487717628479
8.289833545684814
6.782379150390625
2.6949777603149414
2.435408592224121
2.64788818359375
7.580428123474121
7.4049177169799805
2.7331392765045166
9.654500484466553
4.738201141357422
2.4281258583068848
2.4253616333007812
2.814692258834839
6.997727394104004
11.820838928222656
11.091524124145508
4.665922164916992
15.296353816986084
19.426105737686157
21.78106117248535
2.5507559776306152
23.09689998626709
17.912636041641235
7.078809022903442
13.15794062614441
4.4845099449157715
19.54634428024292
9.233164072036743
11.225355625152588
8.123963832855225
12.255029201507568
12.440625667572021
6.965306043624878
14.177593231201172
7.02307653427124
8.637558460235596
7.074180364608765
18.35440492630005
7.366070985794067
5.64059591293335
2.595061779022217
10.530473470687866
2.629530668258667
2.7014684677124023
2.3036859035491943
11.828928470611572
6.538073301315308
2.735959768295288
9.785799980163574
6.397767066955566
33.074464559555054
15.799461126327515
2.530674934387207
2.665816068649292
7.020309209823608
6.734653472900391
7.729507923126221
2.4780728816986084
2.6157641410827637
7.30989670753479
2.6419880390167236
2.5155622959136963
6.426531791687012
3.124314785003662
11.684914588928223
7.684011220932007
8.070936441421509
7.110554218292236
2.5265424251556396
14.510846853256226
7.324625253677368
4.530906677246094
7.508408784866333
8.362482070922852
3.0436298847198486
22.727313995361328
5.690558671951294
2.94681978225708
6.9018003940582275
7.956855773925781
2.734769344329834
2.578036308288574
14.2590491771698
2.6988189220428467
55.38701343536377
24.815760374069214
29.918590545654297
3.9091620445251465
9.908044576644897
29.69528865814209
7.85955286026001
20.690173149108887
20.675302743911743
8.55317735671997
20.45149564743042
2.5821304321289062
15.765591859817505
2.3402233123779297
2.691122531890869
3.517249584197998
9.059548616409302
7.815673112869263
2.4818575382232666
17.495776891708374
23.343096256256104
3.534304618835449
7.672803640365601
7.251843214035034
2.5641934871673584
9.506505966186523
12.358006954193115
2.6700305938720703
2.6992111206054688
12.144569873809814
