1.4098055362701416
4.056092977523804
1.0102097988128662
1.9907786846160889
1.266249418258667
1.3003010749816895
1.4858448505401611
1.987098217010498
1.2868626117706299
1.7395553588867188
1.6314072608947754
1.6819000244140625
0.7748222351074219
1.1169204711914062
1.1506776809692383
1.4926905632019043
1.4143650531768799
1.37567138671875
0.7552700042724609
1.648543119430542
2.2360000610351562
2.2899086475372314
1.6395137310028076
1.2742290496826172
1.6132047176361084
2.6259377002716064
1.2899703979492188
0.9087035655975342
1.3248579502105713
1.6122262477874756
1.148578405380249
1.1251120567321777
5.327047348022461
0.8901708126068115
1.5475149154663086
0.6768577098846436
5.456920385360718
1.489814281463623
3.9833178520202637
1.2885432243347168
0.6167621612548828
1.3336093425750732
1.4376640319824219
1.4894096851348877
3.506359338760376
1.0615384578704834
3.212176561355591
1.5515034198760986
1.4526021480560303
0.9086968898773193
1.8044512271881104
2.173755168914795
2.348212718963623
1.2620477676391602
2.604976177215576
1.36165452003479
3.2308270931243896
1.3896572589874268
1.4626853466033936
2.026782751083374
1.6704893112182617
1.8980696201324463
0.44273829460144043
1.430724859237671
1.4616291522979736
1.3778152465820312
1.3670804500579834
0.6239585876464844
2.424065589904785
1.2046864032745361
2.1426334381103516
2.1831436157226562
0.8514502048492432
1.258669137954712
1.1390089988708496
1.5862302780151367
1.8858568668365479
1.3445303440093994
1.453707218170166
1.4274706840515137
1.3206863403320312
2.3161163330078125
1.2283174991607666
1.0496091842651367
0.6930243968963623
3.0641963481903076
1.4558675289154053
3.387192964553833
1.319127082824707
1.4204964637756348
1.4189791679382324
1.8083553314208984
1.4460585117340088
0.8872451782226562
1.6623649597167969
1.8825106620788574
1.632627248764038
1.5007057189941406
1.564620018005371
1.447413682937622
1.9996676445007324
2.026735544204712
2.3951563835144043
2.3299989700317383
1.857004165649414
1.4728686809539795
1.8151648044586182
1.5245530605316162
1.9719316959381104
1.2757956981658936
0.6712956428527832
1.2790982723236084
1.2862610816955566
1.5458455085754395
3.618833303451538
1.829075813293457
1.7900805473327637
1.4907276630401611
1.3772528171539307
1.4223897457122803
1.4077942371368408
1.7160234451293945
0.832054615020752
1.565068006515503
1.5398499965667725
3.850287437438965
2.2934775352478027
1.6304028034210205
1.6045279502868652
1.8491361141204834
2.096937656402588
2.2989301681518555
1.8980119228363037
1.5955147743225098
1.5477542877197266
1.3332288265228271
0.828859806060791
1.4228646755218506
1.4509694576263428
2.2427268028259277
2.469860076904297
2.2563283443450928
1.821028232574463
3.1935720443725586
2.2369043827056885
1.5037782192230225
2.015519380569458
0.7102820873260498
0.6856980323791504
1.7972776889801025
1.7649595737457275
1.8318278789520264
3.9599175453186035
1.196507453918457
0.9363694190979004
0.5970399379730225
1.2224369049072266
1.7003452777862549
1.9711816310882568
1.4671199321746826
3.752666473388672
1.586522102355957
1.6516814231872559
1.883713960647583
2.768496036529541
2.149360418319702
1.7867424488067627
1.4973909854888916
3.155564546585083
3.771042823791504
0.8213810920715332
1.6069540977478027
1.3769841194152832
1.3056976795196533
1.0090057849884033
0.6530828475952148
1.1288659572601318
1.887056827545166
0.8450260162353516
12.296598196029663
5.92991042137146
1.2152700424194336
0.7371246814727783
1.709906816482544
1.393298625946045
1.8456640243530273
14.87542200088501
1.6140916347503662
1.1228790283203125
1.147758960723877
1.519444465637207
1.1540336608886719
2.1759300231933594
3.1014037132263184
1.7428059577941895
1.9130055904388428
2.2039337158203125
4.973313331604004
1.6941654682159424
1.2662644386291504
1.458949327468872
1.3635895252227783
1.368562936782837
1.4306762218475342
0.9780964851379395
1.3449862003326416
1.054903507232666
1.5471341609954834
1.3702807426452637
1.516369104385376
1.4853684902191162
2.193859815597534
8.353517293930054
1.4135935306549072
2.6038527488708496
1.3887345790863037
1.9360551834106445
1.4661779403686523
1.5803070068359375
1.6669201850891113
1.1950209140777588
1.3683176040649414
1.5069999694824219
1.3745403289794922
1.2676453590393066
0.7019205093383789
1.7264111042022705
1.2866477966308594
2.469292640686035
1.2266066074371338
1.3156766891479492
1.6575684547424316
0.9884593486785889
1.2995390892028809
2.3230316638946533
4.42472767829895
2.153233289718628
1.5033280849456787
1.386533260345459
1.126584529876709
1.3004188537597656
1.8099853992462158
1.791306734085083
1.6733040809631348
1.4686238765716553
1.2170495986938477
1.5989205837249756
1.4303863048553467
5.055299282073975
1.4390289783477783
1.5168852806091309
1.4070611000061035
0.853226900100708
2.232387065887451
1.99641752243042
1.3262624740600586
2.391854763031006
3.1614136695861816
2.0383238792419434
0.8641393184661865
1.7228162288665771
2.137115001678467
2.0120370388031006
1.449329137802124
1.5396718978881836
2.0280141830444336
0.821707010269165
1.8710055351257324
0.8406331539154053
1.4348740577697754
1.4884681701660156
1.136770248413086
1.3914945125579834
1.733992099761963
1.1217577457427979
1.994805097579956
1.3291754722595215
1.9801859855651855
0.9390673637390137
1.2780170440673828
2.314661741256714
1.7443687915802002
10.009426355361938
1.5721962451934814
1.2064154148101807
1.789726972579956
1.4530093669891357
1.5181756019592285
1.5650615692138672
1.6498548984527588
1.4043712615966797
1.2881643772125244
2.3836913108825684
1.158576488494873
2.633005380630493
2.3692874908447266
0.8438925743103027
2.2218804359436035
0.9285998344421387
1.1691920757293701
