5.2464306354522705
26.682106018066406
5.703054428100586
4.48681640625
5.15656852722168
5.955094814300537
10.573529958724976
6.854759454727173
7.8666346073150635
7.568955898284912
7.446579694747925
7.1100921630859375
5.440721750259399
10.101555109024048
10.24335503578186
6.355193138122559
6.797701597213745
3.313823938369751
5.923871040344238
6.350107908248901
8.626770257949829
4.34686541557312
4.72581934928894
2.9721760749816895
9.299500226974487
9.283451318740845
4.783522367477417
7.894237279891968
9.147412776947021
4.8065290451049805
4.579104661941528
4.074077129364014
12.856813192367554
7.029717683792114
11.298917770385742
7.318097114562988
4.835057973861694
2.3260467052459717
11.83310055732727
4.849877595901489
5.175252437591553
5.425589561462402
5.446503162384033
11.3815176486969
7.32531213760376
6.851313352584839
7.60523247718811
3.355877637863159
5.6710286140441895
14.828848838806152
9.147223234176636
9.478907346725464
20.039329290390015
3.1099681854248047
8.886162519454956
4.541293144226074
17.393062114715576
5.78999662399292
6.340590953826904
2.9245738983154297
7.464249134063721
10.449634552001953
2.8860459327697754
6.526033878326416
10.251606464385986
11.126089572906494
8.05880880355835
5.830099582672119
7.390425205230713
9.14122486114502
10.035397291183472
17.067185878753662
3.56259822845459
5.236360311508179
6.389940977096558
7.29666805267334
5.253377199172974
6.110283136367798
4.571917533874512
4.771342515945435
15.567651510238647
6.573353052139282
4.682861328125
4.577788591384888
2.303403854370117
5.395108699798584
10.11386227607727
5.699336290359497
8.983878135681152
7.392066717147827
5.8709330558776855
5.047338485717773
3.402827262878418
5.3715760707855225
9.735013961791992
4.718455076217651
6.712549209594727
6.689132452011108
11.145153522491455
4.587379217147827
6.504263639450073
6.8362603187561035
6.161187410354614
4.50184965133667
7.377159118652344
4.4209136962890625
3.6340725421905518
3.198244333267212
6.286089181900024
4.045100927352905
5.930389881134033
5.822119235992432
10.500901699066162
6.534220457077026
13.18752145767212
6.780069589614868
5.027665853500366
7.242590427398682
6.480234861373901
9.208555936813354
3.6419153213500977
9.165218114852905
4.686765909194946
9.98828387260437
4.33321475982666
4.447370767593384
7.160475969314575
5.9090094566345215
6.939561367034912
16.944396018981934
9.103032350540161
10.158668518066406
17.98317050933838
8.487882614135742
8.813520431518555
5.970699071884155
3.278262138366699
3.1147217750549316
4.665906667709351
3.164992570877075
4.515873670578003
4.731974124908447
6.400577545166016
7.030095100402832
4.9806694984436035
5.809678554534912
7.407280445098877
6.7029078006744385
4.344017267227173
4.137470483779907
10.778323411941528
5.9177210330963135
4.737181901931763
7.715463876724243
4.161800146102905
6.975170612335205
3.2283384799957275
3.584935188293457
3.771155595779419
3.545396089553833
4.664666414260864
7.331756353378296
2.7177882194519043
4.201034784317017
5.554070949554443
4.724319934844971
6.4126574993133545
4.162200927734375
6.648794174194336
6.3888163566589355
4.133997440338135
3.956798553466797
5.339256286621094
6.205254554748535
9.958172082901001
4.888652563095093
3.776756763458252
4.052160978317261
4.4461870193481445
4.338254928588867
4.213392496109009
5.838723182678223
5.378835201263428
6.019519567489624
4.470529556274414
4.416079044342041
5.189832448959351
6.16840672492981
3.8887252807617188
4.081349849700928
3.3816440105438232
6.0822978019714355
3.7466354370117188
4.307681560516357
2.603611707687378
3.920999050140381
7.995163202285767
10.968548774719238
4.587359666824341
8.370700120925903
6.072603464126587
8.707577466964722
3.4975218772888184
17.301464796066284
7.007058143615723
6.254060506820679
9.50975251197815
5.175669193267822
3.6543593406677246
3.0505247116088867
5.952826261520386
4.9663777351379395
5.5916900634765625
3.8155674934387207
6.196880102157593
5.623725175857544
16.178746700286865
11.144046068191528
3.3667871952056885
6.284182548522949
5.164122581481934
5.003407001495361
6.197021722793579
9.173141241073608
2.684993028640747
2.974797010421753
6.459700345993042
3.6842222213745117
5.010054349899292
2.66607928276062
8.356983423233032
6.040484189987183
4.211806058883667
8.48423457145691
4.291731119155884
4.75992488861084
9.37982726097107
3.0508005619049072
2.759814977645874
8.433100461959839
2.9841699600219727
3.20998477935791
4.037491321563721
5.5489397048950195
4.154465436935425
3.676900863647461
4.065556764602661
3.949373245239258
3.916050434112549
3.9863808155059814
4.465952634811401
3.823089599609375
5.364015102386475
4.898952484130859
9.466641902923584
5.697754621505737
6.1236467361450195
4.508517026901245
3.5023562908172607
4.475639343261719
2.77449107170105
3.8910582065582275
3.469982624053955
5.461851596832275
6.982929944992065
4.122714281082153
4.408541202545166
3.4006505012512207
5.397987127304077
9.23039197921753
3.7585175037384033
7.508671998977661
3.3958916664123535
2.870530843734741
4.647897958755493
4.477374792098999
8.70127558708191
7.123838663101196
5.141445159912109
7.438784122467041
10.03282880783081
8.765421867370605
6.452396631240845
8.320842027664185
2.91365909576416
8.414078950881958
4.698846817016602
4.735107183456421
6.7199835777282715
4.190356016159058
4.699838638305664
2.441551923751831
4.027347803115845
5.312335014343262
2.8932759761810303
5.720288038253784
5.5673298835754395
5.188692092895508
2.828692674636841
5.350085735321045
