32.78318643569946
24.8207848072052
30.26147747039795
26.649306297302246
33.95690441131592
30.938129663467407
24.774291515350342
29.252650499343872
27.134806394577026
37.91329002380371
33.00610613822937
18.643512725830078
35.43663716316223
28.58564281463623
28.31703209877014
42.85992622375488
23.835893392562866
31.705703258514404
31.41237998008728
33.22998785972595
31.235642910003662
35.29167556762695
29.784644842147827
29.969767570495605
24.348058223724365
38.16301965713501
29.12885046005249
33.92800807952881
32.6583616733551
31.35891079902649
32.68538808822632
23.854501008987427
26.74784827232361
36.13633346557617
36.5615713596344
25.729852437973022
23.182773113250732
25.72644805908203
30.328258514404297
27.258451461791992
61.24185633659363
27.401153326034546
29.561326503753662
30.761924266815186
22.99852752685547
33.550522327423096
30.10252594947815
29.42712903022766
26.952105283737183
29.16056728363037
29.095545768737793
30.027899980545044
41.96544337272644
33.25778269767761
27.182984590530396
32.36470055580139
26.83825922012329
28.831136465072632
31.228612184524536
32.22052335739136
43.066041231155396
26.467933654785156
31.507117986679077
32.98346161842346
29.579067707061768
42.006009578704834
26.7960946559906
33.60727095603943
24.796159982681274
28.080226182937622
36.17908811569214
33.27333950996399
32.8976674079895
27.418195486068726
28.064897060394287
36.71639037132263
32.813024044036865
45.84208059310913
35.87719368934631
32.0949444770813
27.19261884689331
29.977262258529663
25.34853196144104
66.59071803092957
27.011178255081177
22.737580060958862
44.64079689979553
26.89311647415161
23.639316082000732
23.965855360031128
23.25286102294922
26.49147081375122
24.257827043533325
31.33048129081726
26.160882472991943
35.936509132385254
36.638657331466675
32.86697006225586
27.229001998901367
34.07202649116516
41.84982132911682
31.321453094482422
34.59739446640015
59.296213150024414
26.032646417617798
32.090059995651245
27.812752962112427
34.493430852890015
33.1987669467926
33.20205020904541
29.709219217300415
33.31162691116333
32.29474234580994
25.13856053352356
43.23592972755432
30.762266397476196
30.96033501625061
31.438712120056152
27.339229822158813
27.703370571136475
24.552151918411255
33.57568860054016
25.049102306365967
26.850552320480347
31.560287475585938
32.61398196220398
29.866079092025757
35.989277601242065
28.818140745162964
27.333171129226685
31.383939027786255
30.575260400772095
26.522833824157715
28.68801188468933
27.418463706970215
30.101829767227173
34.46351361274719
32.73169231414795
31.93402886390686
31.142003536224365
24.945691108703613
33.37173914909363
28.822819471359253
32.2283878326416
24.750073432922363
33.360055685043335
38.14851140975952
28.957034587860107
30.170050144195557
32.4811646938324
34.10307765007019
34.001976013183594
28.858720779418945
20.747307538986206
16.663829803466797
27.129192352294922
23.71338152885437
32.52511525154114
28.734205722808838
34.95742440223694
30.25748062133789
69.51133108139038
25.02519989013672
21.07414221763611
32.86839699745178
39.91755199432373
26.437291860580444
29.671982288360596
29.89005160331726
33.051291942596436
23.639893531799316
32.055943727493286
36.495060205459595
28.216996669769287
24.065199375152588
23.312950611114502
32.71801829338074
31.70866060256958
27.0728759765625
26.776930332183838
30.027961254119873
27.316434860229492
25.557626247406006
33.45678734779358
24.674798011779785
32.871580362319946
28.267747163772583
26.739423036575317
31.40950083732605
28.40863037109375
52.45039415359497
26.4589204788208
24.106366872787476
27.324910640716553
24.680131673812866
33.63698101043701
27.803385019302368
25.59526801109314
33.2199923992157
25.43359613418579
34.38159537315369
32.12189698219299
67.37358379364014
16.467026472091675
27.827411651611328
30.767581701278687
26.110948085784912
28.81320858001709
24.441583156585693
27.08077836036682
30.00385594367981
34.19135236740112
24.76328158378601
31.216719388961792
33.53164267539978
25.386312246322632
27.766361236572266
39.09698271751404
30.211894035339355
26.22097945213318
31.726305723190308
34.87519955635071
33.708250522613525
33.37336039543152
35.534191608428955
18.9695303440094
31.750368118286133
26.54224967956543
31.325273036956787
23.72055721282959
28.805535793304443
29.793229579925537
36.014554500579834
32.17127060890198
20.396013021469116
26.603092908859253
31.700069665908813
31.061530828475952
32.080771684646606
26.16362714767456
38.75866746902466
32.31869673728943
30.362468004226685
29.08725929260254
26.344130992889404
31.847839832305908
40.45983171463013
31.496573448181152
23.328869581222534
28.525070667266846
35.231117963790894
22.11039686203003
26.555048942565918
36.08865451812744
21.949942350387573
28.96420669555664
36.00639891624451
27.972990036010742
31.40069317817688
34.13064980506897
33.91979503631592
37.904133319854736
34.15661668777466
25.946752309799194
32.6382896900177
29.07332706451416
34.76620030403137
26.23757576942444
22.726273775100708
30.10749101638794
32.926767349243164
14.333391666412354
30.202927112579346
26.296854972839355
43.238179445266724
34.09039092063904
30.80608081817627
24.37050223350525
30.390361070632935
13.674047231674194
27.616636037826538
30.539534330368042
25.44796085357666
26.646320581436157
35.382848262786865
20.83488392829895
28.38545536994934
23.382240295410156
31.814204454421997
33.81842660903931
30.082231998443604
30.253307104110718
17.433297634124756
31.88528299331665
25.724149227142334
29.645612955093384
27.5146963596344
31.878331422805786
34.826866149902344
30.6944797039032
