44.785260915756226
29.373316764831543
23.398520946502686
22.469651699066162
20.950043201446533
35.54410481452942
20.46313738822937
26.79886817932129
26.947998046875
29.99786686897278
28.51264715194702
14.102323532104492
33.555335521698
30.626208543777466
25.171612977981567
100.56602907180786
28.22411274909973
110.86672520637512
108.92115592956543
91.03286743164062
32.35448694229126
28.223618984222412
28.654592514038086
20.888452529907227
26.026914596557617
90.43639659881592
32.67861890792847
30.502273559570312
32.11098647117615
28.54989981651306
27.67300009727478
31.895432472229004
21.689141511917114
27.315114498138428
30.75094199180603
18.129223823547363
29.66124963760376
30.965203285217285
28.674588918685913
29.17199945449829
123.35545468330383
27.80082416534424
30.241764783859253
28.38636565208435
94.69236445426941
84.54150676727295
24.436830043792725
27.101598739624023
30.432694673538208
116.63336753845215
39.035693645477295
27.040233612060547
26.182449102401733
26.71545958518982
21.83314824104309
29.628169775009155
26.59344744682312
105.30112719535828
22.498740673065186
22.02652144432068
25.866175174713135
25.676690816879272
28.409433126449585
32.72657012939453
27.4567608833313
106.21948099136353
21.48124122619629
33.176429748535156
114.53769969940186
108.02306509017944
28.397266387939453
32.784520387649536
28.102532386779785
33.5684130191803
32.69316744804382
27.420495748519897
26.28071689605713
32.997896671295166
34.11188459396362
18.402259349822998
30.21714735031128
29.792062044143677
26.388886213302612
36.42769646644592
23.916290044784546
15.135895013809204
29.44481873512268
107.31418681144714
30.501521348953247
97.52702641487122
30.11335325241089
25.997032165527344
112.89598250389099
35.562360525131226
22.658642530441284
30.76751208305359
34.76016569137573
48.164162158966064
25.101977109909058
33.50141763687134
35.066529750823975
30.71035671234131
31.757845640182495
30.714884757995605
30.23836588859558
26.25746989250183
29.932995080947876
28.847222805023193
29.12213110923767
28.924587726593018
23.846540689468384
32.933130979537964
21.8323233127594
34.84722828865051
166.28826546669006
29.048489809036255
31.22720193862915
23.422173738479614
101.13760089874268
30.021899938583374
26.16186785697937
31.48417830467224
26.473374843597412
27.027377128601074
24.701218843460083
30.50354838371277
36.38843846321106
34.174755334854126
31.45633554458618
24.810739040374756
32.505120277404785
28.83839440345764
35.74442148208618
19.4390070438385
24.766524076461792
29.94143009185791
112.90350365638733
35.88190722465515
116.55804800987244
24.990396738052368
36.129353046417236
32.141737937927246
32.154688358306885
26.321614265441895
25.705797910690308
30.257773637771606
42.44345998764038
33.62075471878052
26.31805968284607
43.80577492713928
115.44168519973755
114.31761360168457
26.483229398727417
15.398163795471191
17.1786949634552
21.222981452941895
26.175340175628662
33.9846556186676
104.8365421295166
115.72025942802429
30.06246018409729
34.84777045249939
26.73254704475403
21.267509937286377
37.09089779853821
29.038339376449585
22.802069425582886
26.480194091796875
34.753905296325684
31.453310012817383
28.37740397453308
112.80767512321472
35.33832287788391
103.90949869155884
25.58174991607666
103.98723077774048
27.889728546142578
24.426167011260986
103.11067295074463
34.95533561706543
23.965195178985596
29.047464609146118
32.14391303062439
35.14844608306885
23.362258672714233
32.32062268257141
32.724695682525635
106.1835560798645
112.10051727294922
30.798160076141357
29.041637659072876
24.404657125473022
26.708608865737915
30.932751417160034
30.619999408721924
26.12332797050476
106.8209331035614
31.48508596420288
98.10853266716003
94.3846206665039
25.74593234062195
35.630582332611084
25.575335025787354
78.8220579624176
28.214604139328003
114.97009801864624
95.61211013793945
18.103593826293945
24.18504500389099
30.279751777648926
35.0461962223053
99.6571204662323
21.993329524993896
30.18906593322754
28.440425872802734
20.5824875831604
101.75537919998169
27.408795595169067
30.991963624954224
27.074345111846924
29.86233687400818
36.49905610084534
28.04975152015686
27.870009183883667
32.99549722671509
11.872821569442749
111.24133157730103
111.996173620224
29.196961879730225
26.31825542449951
34.29970359802246
106.16550588607788
118.61285901069641
22.818798303604126
12.159128189086914
27.993340253829956
27.10623025894165
28.174680948257446
36.78299617767334
29.881919145584106
29.283976078033447
101.38485527038574
26.355217456817627
31.566186666488647
23.913722038269043
115.85494041442871
110.91020917892456
112.77002191543579
27.0156831741333
31.18901538848877
31.080899477005005
27.877097129821777
27.327371835708618
33.11804223060608
23.219635009765625
26.902936458587646
24.461692571640015
25.36567187309265
35.97935247421265
31.330333709716797
34.17092943191528
30.84387993812561
52.88381028175354
29.147908449172974
37.73654842376709
34.43483638763428
35.551204681396484
30.13221526145935
23.00895667076111
31.77827501296997
30.457581520080566
12.256998062133789
39.22835421562195
25.67804527282715
30.92011284828186
30.22429347038269
30.74253797531128
27.712966918945312
32.4014732837677
9.388535737991333
116.37049651145935
29.448091506958008
27.152117013931274
33.265186071395874
32.67106246948242
26.04923367500305
28.78374719619751
29.67273736000061
27.34239649772644
110.36550831794739
29.917210817337036
32.99800419807434
14.956713438034058
27.15792417526245
33.64266037940979
35.40720582008362
32.23154878616333
29.413538455963135
36.835604667663574
112.16770195960999
