40.4843168258667
37.61290907859802
42.56124520301819
16.784452438354492
68.66877579689026
19.015528917312622
24.155550003051758
60.03937554359436
62.06621527671814
30.957045555114746
19.846224784851074
8.050678014755249
60.30217695236206
18.818376541137695
7.430519342422485
53.889389991760254
9.0479576587677
23.80773425102234
33.92074251174927
26.479937314987183
96.36923837661743
34.100635051727295
57.3012478351593
26.279606580734253
16.606955528259277
14.656463861465454
57.97518849372864
89.03912711143494
31.338106870651245
67.90187764167786
21.692387104034424
6.964108467102051
23.05680274963379
46.05585312843323
35.71421265602112
3.204319477081299
15.070799350738525
18.304102182388306
66.4569456577301
9.590373992919922
21.83159327507019
15.474501132965088
64.52163982391357
30.682631015777588
6.495244026184082
27.153506755828857
10.887588024139404
15.027205228805542
28.17959761619568
96.6912534236908
60.154059648513794
20.49592113494873
17.353686332702637
68.62018013000488
8.460176467895508
17.340964317321777
15.846431255340576
16.55111002922058
16.08056926727295
17.921299934387207
31.476300477981567
18.875861644744873
18.3318829536438
39.52768397331238
46.36309885978699
17.74975872039795
59.293489933013916
29.795578479766846
41.66265034675598
18.379515171051025
24.624147415161133
24.35093855857849
19.92793869972229
17.789085626602173
17.750645637512207
58.9445960521698
15.220610618591309
48.280373096466064
53.82947111129761
37.22690153121948
19.168907403945923
62.23035931587219
26.69928288459778
18.265487670898438
17.98406481742859
10.323659896850586
25.55183506011963
10.970699548721313
9.141293048858643
7.089036703109741
16.826233863830566
15.807844638824463
24.62715172767639
22.362273693084717
7.474902868270874
30.427634716033936
27.37823224067688
24.529639959335327
12.789158344268799
55.184895753860474
66.20961999893188
62.729039430618286
24.773376941680908
41.651469707489014
37.2708625793457
39.55027389526367
18.324131965637207
22.422189950942993
10.751012802124023
15.790808916091919
9.213941097259521
37.12257766723633
8.06456208229065
18.23337960243225
61.029374837875366
35.6103937625885
43.57024931907654
46.3478045463562
10.995025157928467
18.377206325531006
30.803651094436646
21.69830012321472
18.99219059944153
17.64903497695923
21.18071460723877
61.94042944908142
64.46172976493835
62.97914743423462
17.64680051803589
9.159477472305298
19.34379768371582
7.536304473876953
25.608232021331787
10.153396368026733
50.51901340484619
19.99362874031067
20.477858543395996
68.21935629844666
41.8450665473938
17.31432318687439
18.254624843597412
47.668386697769165
61.819684743881226
38.36292791366577
15.753913640975952
60.12264442443848
30.361003398895264
20.579651594161987
13.463524341583252
63.64250373840332
31.61741352081299
20.689269542694092
17.217726945877075
5.779918670654297
2.8292300701141357
8.089923620223999
8.535672426223755
35.401782274246216
18.50075888633728
20.546562910079956
33.2441041469574
54.239009618759155
19.93110680580139
5.768992900848389
52.27493953704834
34.04922080039978
46.93453907966614
25.188451766967773
36.63678002357483
74.18199753761292
23.09263801574707
45.4171187877655
50.25926184654236
18.8129723072052
11.367537021636963
28.66948103904724
25.29938769340515
20.776081562042236
27.55886936187744
20.59686541557312
39.74044322967529
9.563356161117554
25.202281951904297
38.28802466392517
7.597638130187988
23.84608268737793
36.92074465751648
11.46420407295227
67.4420177936554
22.65093421936035
41.473572969436646
11.734943628311157
26.173839330673218
20.624845266342163
20.778515100479126
37.29550218582153
22.0761079788208
33.28873896598816
22.963342905044556
20.19406819343567
25.876573085784912
53.460798501968384
45.64536094665527
3.3550868034362793
34.91729426383972
27.68977689743042
8.863202095031738
16.38918399810791
12.590730428695679
19.11230993270874
53.98426127433777
27.228439569473267
22.179945707321167
98.03275036811829
69.4282739162445
45.45788311958313
25.553563594818115
45.11847114562988
60.54168200492859
79.21432638168335
25.04474449157715
61.34494709968567
25.008854389190674
46.421629190444946
29.268240690231323
4.276724576950073
32.04659104347229
36.699061155319214
35.65768551826477
39.86885118484497
40.77849888801575
21.824163675308228
34.43669152259827
10.644601821899414
6.235877752304077
31.427009105682373
28.19379425048828
23.805663347244263
30.206501007080078
32.07395577430725
104.45749235153198
32.93393564224243
47.61494159698486
23.457560062408447
18.853171825408936
48.91814637184143
39.26967716217041
19.742194652557373
63.74962496757507
18.487126111984253
33.34852719306946
13.139510869979858
16.453471183776855
19.22495150566101
22.161774396896362
35.51975917816162
25.31949520111084
11.486185550689697
22.9035587310791
31.7569637298584
32.56910943984985
41.86611723899841
38.0196099281311
16.87727952003479
21.241928815841675
26.563451051712036
30.68356966972351
22.73400330543518
10.90757441520691
65.25932836532593
32.13258934020996
2.1974854469299316
42.9901340007782
16.232399225234985
84.2257788181305
59.93024492263794
19.37981390953064
7.110865354537964
66.75487399101257
2.163681745529175
31.63611650466919
17.2233829498291
87.73278141021729
33.61479830741882
90.4725399017334
31.10916042327881
28.72166895866394
54.4319634437561
23.003180265426636
81.80062937736511
53.383265018463135
75.90708470344543
3.6244354248046875
25.94225573539734
18.610300064086914
45.53351402282715
29.084950923919678
48.12473773956299
59.68733739852905
49.4667272567749
