3.9975693225860596
1.7247533798217773
3.067918300628662
2.5340211391448975
2.526040554046631
2.3917605876922607
2.120783805847168
1.925323724746704
2.5059282779693604
26.768285512924194
2.1179792881011963
3.6333165168762207
2.1565728187561035
2.585902214050293
3.519233465194702
3.9653172492980957
2.0046005249023438
2.13493013381958
5.509105205535889
2.217625856399536
3.091677188873291
6.421283483505249
1.789177656173706
2.7675039768218994
4.362489461898804
2.4719150066375732
9.666295289993286
2.0556302070617676
2.9688665866851807
2.787496566772461
2.9864816665649414
2.08795428276062
2.8331165313720703
3.9201295375823975
3.237844944000244
3.5474092960357666
1.835935354232788
2.93884539604187
2.007596731185913
1.8695693016052246
6.741103649139404
2.0880792140960693
1.9680726528167725
2.990048408508301
1.8744583129882812
2.5191736221313477
2.1731772422790527
2.0881195068359375
2.1775190830230713
2.098485231399536
2.003913640975952
2.0664539337158203
2.1974923610687256
2.104995012283325
4.524632453918457
2.1817474365234375
4.54521107673645
3.004258394241333
2.037782669067383
2.1559972763061523
3.9957869052886963
6.305877685546875
2.325772762298584
2.1337006092071533
5.472179889678955
2.9391305446624756
2.131727695465088
2.2346978187561035
1.9472193717956543
2.801150321960449
2.316378593444824
2.5379555225372314
2.661574125289917
2.720374345779419
1.7144224643707275
4.127758264541626
2.1777422428131104
4.129728317260742
3.701115369796753
1.9959931373596191
2.2914013862609863
2.0212385654449463
5.6982948780059814
2.171919822692871
2.3219854831695557
1.5404410362243652
2.65258526802063
2.420112133026123
1.6933248043060303
2.6410088539123535
1.9541215896606445
1.9066920280456543
3.5843071937561035
2.43398118019104
1.9477565288543701
2.9291250705718994
2.338196039199829
2.4335858821868896
2.716897487640381
2.6190898418426514
3.6904265880584717
2.1887118816375732
2.46457839012146
9.34473204612732
1.7356352806091309
3.41062593460083
2.599653720855713
3.84380841255188
2.1956586837768555
1.726660966873169
2.0148019790649414
1.8044581413269043
1.6759965419769287
1.301257610321045
3.4250850677490234
4.309934854507446
1.9939773082733154
3.3612544536590576
2.584368944168091
3.020320177078247
1.6410143375396729
6.729396820068359
1.9273388385772705
2.3097400665283203
5.341023921966553
3.3095736503601074
1.9805150032043457
2.4361042976379395
2.9310739040374756
2.997373580932617
2.3834307193756104
2.5096285343170166
4.011674880981445
2.9774367809295654
2.823219060897827
2.5820398330688477
4.6183507442474365
2.4950451850891113
4.420600652694702
2.024249792098999
2.02821683883667
5.453958749771118
2.1192708015441895
3.309007406234741
2.3050904273986816
3.4968268871307373
5.332554578781128
1.7124402523040771
4.574312686920166
3.262556552886963
2.596122980117798
3.625666618347168
2.582852840423584
2.3500282764434814
2.584016799926758
2.4538800716400146
1.684628963470459
2.2818222045898438
1.9336061477661133
3.7477877140045166
2.3309874534606934
3.6865503787994385
2.120680332183838
1.6876130104064941
2.8848674297332764
3.5394392013549805
1.764864206314087
2.2704098224639893
2.3038570880889893
2.6226890087127686
2.3377573490142822
2.62872314453125
6.702679872512817
3.233088493347168
1.9348340034484863
2.1255686283111572
2.337662696838379
3.694277763366699
3.708963394165039
1.7094199657440186
2.1474077701568604
2.1728389263153076
1.8351197242736816
7.728210210800171
1.8524150848388672
3.0798463821411133
2.117591381072998
1.5890483856201172
2.3865833282470703
2.734687328338623
6.253472089767456
2.0600357055664062
1.7104847431182861
2.220855951309204
1.9021835327148438
4.775973081588745
2.612508535385132
1.7710716724395752
4.6075215339660645
4.240623712539673
3.569826364517212
4.1285929679870605
7.191151142120361
1.6466679573059082
1.9822301864624023
2.687424659729004
1.7449629306793213
2.2550547122955322
2.2098724842071533
2.2230453491210938
2.938232183456421
3.898236036300659
1.9667656421661377
4.564070701599121
2.571721076965332
2.065520763397217
3.4997386932373047
4.170994997024536
3.6213905811309814
2.892397403717041
2.5674736499786377
4.821878433227539
2.5906405448913574
1.6231062412261963
2.152634859085083
4.013052940368652
2.2441177368164062
4.365806579589844
3.104299306869507
1.6526117324829102
2.376614809036255
2.2386512756347656
3.2600865364074707
2.712766170501709
2.9333503246307373
2.500694751739502
1.9773836135864258
1.891775369644165
2.1894710063934326
2.9150445461273193
2.9462320804595947
2.2865476608276367
1.9040107727050781
2.517430305480957
2.519918203353882
2.0978474617004395
5.768076181411743
2.452650308609009
1.6271991729736328
1.6601831912994385
3.297647714614868
1.407655954360962
2.2307753562927246
1.856306552886963
5.0218400955200195
1.6253046989440918
3.4804701805114746
7.323981761932373
2.309516429901123
1.9799399375915527
3.3327767848968506
4.385615348815918
2.510425090789795
1.8906052112579346
2.126995086669922
1.6327431201934814
2.4518022537231445
3.5987722873687744
1.8412680625915527
2.1475753784179688
4.601535081863403
1.7839791774749756
3.6656343936920166
2.4536542892456055
3.8749489784240723
2.3987348079681396
1.8672881126403809
1.8931467533111572
1.8513379096984863
1.9875783920288086
1.800591230392456
1.8022332191467285
1.993208408355713
2.0609941482543945
2.138613224029541
1.9318873882293701
2.716865062713623
1.78001070022583
5.095175266265869
3.00370454788208
1.7557306289672852
1.7653710842132568
1.9740958213806152
2.182816505432129
1.9884905815124512
4.384805679321289
1.7124083042144775
2.1288890838623047
2.610342264175415
4.442370176315308
