15.872375011444092
19.76167321205139
11.26801586151123
28.781553030014038
33.44640350341797
23.049646854400635
20.166696786880493
19.32654643058777
17.781596422195435
20.823402881622314
26.054481029510498
5.405354261398315
25.848265647888184
31.956109285354614
10.800014019012451
21.147093296051025
12.018718242645264
26.937018156051636
29.620394706726074
24.134249925613403
22.44157576560974
18.844236612319946
26.458977222442627
16.682920932769775
20.823729991912842
17.42520236968994
23.91797137260437
23.956072330474854
31.350775003433228
26.83159875869751
40.98439049720764
21.465092658996582
18.218219995498657
25.882676362991333
27.751198768615723
5.730712652206421
18.155060052871704
22.582528352737427
21.16002583503723
9.862538576126099
31.375253200531006
20.553712368011475
21.71341300010681
20.737691640853882
9.82382345199585
24.116333723068237
20.786487340927124
22.772531509399414
22.13412117958069
34.95560145378113
25.96267819404602
29.149776220321655
32.64949178695679
26.134939670562744
13.25227427482605
31.594903469085693
40.19904947280884
30.563769340515137
28.40718150138855
25.23604416847229
27.512825965881348
14.449749231338501
29.814224243164062
23.48494291305542
25.2296781539917
19.032179594039917
22.323737621307373
24.72315287590027
20.48136854171753
29.219244718551636
20.595361709594727
30.41720724105835
21.755980968475342
23.84505844116211
23.636698961257935
45.21588969230652
22.432493925094604
32.56694531440735
36.066471338272095
20.66927480697632
23.19988751411438
21.35298228263855
20.005621671676636
47.915751934051514
20.207207441329956
4.912111043930054
28.084182500839233
17.540584087371826
11.904584646224976
12.349060773849487
22.863721132278442
14.493013620376587
20.494221448898315
21.83551836013794
11.574445486068726
20.87304711341858
25.47270369529724
29.56341528892517
16.523277282714844
65.63697481155396
24.834856510162354
22.65171194076538
27.25038433074951
21.901693105697632
19.514031410217285
14.319253921508789
22.539995908737183
23.98990035057068
13.688403367996216
17.608402967453003
13.780083894729614
33.89196968078613
11.410295009613037
23.732783555984497
29.911300659179688
22.362597703933716
20.425613164901733
13.064115762710571
20.229476928710938
22.179083824157715
15.647208452224731
21.467700719833374
23.31557559967041
28.784010887145996
21.093895196914673
24.45856738090515
28.09867787361145
33.17531490325928
34.90933418273926
14.931886434555054
23.22519302368164
14.038501977920532
22.73434066772461
8.092300415039062
23.754371643066406
24.662782430648804
27.88509202003479
27.263010263442993
26.838823556900024
24.363019466400146
24.74457335472107
43.943119287490845
35.391661167144775
35.06461453437805
12.00718092918396
30.563788652420044
37.12124514579773
25.72996497154236
29.30722975730896
28.458980798721313
24.970791578292847
34.04309892654419
20.394400119781494
8.37914490699768
4.243707895278931
12.527089595794678
15.073132038116455
27.413161516189575
13.34335470199585
30.624613523483276
26.17483377456665
35.29584765434265
19.033135890960693
11.060309886932373
26.2610924243927
24.468942165374756
15.106301546096802
22.474636554718018
28.890701293945312
25.034084796905518
22.273386478424072
27.43234944343567
22.68699073791504
21.668601751327515
21.669880390167236
10.252102375030518
19.857239246368408
27.06479287147522
25.1427059173584
21.314037561416626
24.47304344177246
21.104154109954834
12.18121862411499
29.801666975021362
11.860690593719482
27.855894327163696
15.639731168746948
12.62359070777893
21.048438549041748
25.745550632476807
30.22425079345703
14.770896434783936
13.85587191581726
24.39227604866028
24.017958164215088
24.846683979034424
23.94947862625122
24.732229232788086
27.100173711776733
23.92567014694214
22.71416711807251
19.07654356956482
27.740146160125732
4.344647169113159
22.57851004600525
21.451781511306763
18.890812873840332
15.546287298202515
20.047359228134155
21.62531614303589
30.673523426055908
20.8634672164917
10.920595407485962
23.712063789367676
23.684181213378906
11.290545225143433
17.3007173538208
18.95068120956421
23.495021104812622
25.835967302322388
25.45774817466736
21.75354313850403
22.662213563919067
30.782073736190796
24.04797601699829
12.254769086837769
27.181094884872437
24.48027229309082
22.057508945465088
26.45572590827942
32.81621193885803
25.266817808151245
34.37583780288696
15.605643272399902
9.172700643539429
22.122149229049683
26.562495470046997
26.3620126247406
29.932289838790894
27.11178708076477
30.745861291885376
28.919524908065796
28.511892795562744
23.170786380767822
24.488245487213135
29.862480878829956
24.117226362228394
25.190866947174072
19.38081979751587
25.216777563095093
25.189762592315674
11.271424055099487
17.888532876968384
25.39663314819336
11.147079229354858
22.368067979812622
25.98607087135315
17.62894582748413
25.594669818878174
20.664477825164795
28.031256675720215
24.877843141555786
27.140762329101562
30.855392694473267
24.367332935333252
22.985727787017822
26.338500022888184
22.998905897140503
15.852815866470337
27.219776153564453
26.142976999282837
7.583565711975098
26.10977339744568
15.593132257461548
33.85775589942932
30.02505898475647
23.577633142471313
11.212726593017578
26.774077892303467
9.11592173576355
53.77211093902588
24.932451963424683
26.374157190322876
28.031189918518066
22.852752923965454
10.648969650268555
29.03851342201233
22.587283611297607
24.061047554016113
91.82811880111694
26.667455196380615
28.227173805236816
10.442853927612305
31.490243673324585
25.07969355583191
24.845718145370483
22.755929231643677
30.93127727508545
36.291444540023804
25.598808526992798
