5.2740631103515625
4.251240491867065
2.1819183826446533
0.48266172409057617
2.457718849182129
1.6501681804656982
1.3649005889892578
1.5275201797485352
1.8119239807128906
1.2367639541625977
2.11783504486084
1.7088737487792969
0.9641711711883545
0.6545131206512451
0.7704570293426514
1.9336295127868652
2.376370906829834
2.679077386856079
0.48671436309814453
1.7242071628570557
1.001413106918335
1.5239169597625732
1.6676387786865234
1.8899731636047363
0.903749942779541
1.372818946838379
1.298036813735962
5.3928492069244385
0.9277539253234863
4.370177984237671
1.6566286087036133
0.45725584030151367
5.3003644943237305
3.108421802520752
1.9576835632324219
0.630225419998169
1.4612972736358643
1.11958646774292
4.506279706954956
2.4842982292175293
0.5910971164703369
0.6931447982788086
1.2428309917449951
0.84710693359375
1.1137802600860596
1.2115001678466797
2.3300418853759766
1.8322422504425049
1.781965970993042
1.1436889171600342
2.9907028675079346
0.5604109764099121
2.3224847316741943
0.6475174427032471
1.7256896495819092
0.48351240158081055
0.9703199863433838
0.38550519943237305
1.6879119873046875
0.45692968368530273
0.6929688453674316
0.8761255741119385
0.6571099758148193
0.832261323928833
0.7510011196136475
2.2137598991394043
0.5385372638702393
1.0789377689361572
0.7695178985595703
2.92021107673645
0.8142881393432617
2.511563539505005
0.42290759086608887
3.101775646209717
1.809697151184082
1.3768365383148193
0.547081708908081
1.7018828392028809
3.786684036254883
0.731482744216919
0.7530579566955566
3.7785420417785645
1.0326664447784424
1.659827709197998
1.9430689811706543
0.8564882278442383
1.458486795425415
1.4797544479370117
0.699392557144165
2.5303561687469482
0.4513704776763916
2.53265643119812
2.388990640640259
2.1142873764038086
1.3283143043518066
0.39436841011047363
0.7819817066192627
1.9171037673950195
2.2154977321624756
2.3080861568450928
4.7353620529174805
1.653581142425537
2.1563491821289062
1.1172430515289307
0.5426309108734131
0.9986183643341064
1.4496009349822998
2.8379721641540527
3.241621971130371
0.5105576515197754
1.4076292514801025
1.3432796001434326
1.6849617958068848
2.7296698093414307
0.45117878913879395
10.124513626098633
1.3614938259124756
2.982649564743042
0.5857744216918945
2.0042710304260254
1.6176245212554932
1.8148977756500244
0.5873074531555176
0.7224607467651367
0.949141263961792
4.225889205932617
1.7969965934753418
1.9360010623931885
1.607323408126831
1.731339931488037
2.49090838432312
2.641531229019165
1.2345118522644043
2.4709854125976562
0.7862262725830078
2.071181535720825
2.7704074382781982
1.42093825340271
2.3114376068115234
0.7386202812194824
2.416431427001953
0.906374454498291
2.1784424781799316
5.847937107086182
1.931532859802246
1.2853162288665771
2.2880043983459473
0.5385956764221191
1.8947808742523193
1.9229228496551514
9.378254652023315
7.059327840805054
1.005932331085205
4.718467712402344
1.2012097835540771
1.8462843894958496
0.891632080078125
2.5856096744537354
1.1453022956848145
1.2950949668884277
1.4916927814483643
0.4929659366607666
1.1336615085601807
2.1564531326293945
1.8428425788879395
1.5159165859222412
6.519433259963989
1.2965881824493408
2.6129329204559326
1.2916676998138428
0.8121752738952637
2.39699125289917
1.953813076019287
1.3105885982513428
1.541038990020752
1.6395552158355713
1.8214232921600342
2.023834705352783
2.003800392150879
1.7486252784729004
1.882720947265625
2.612250566482544
0.8378639221191406
0.4897480010986328
2.9598286151885986
2.146853446960449
4.931701183319092
0.42137932777404785
1.6690638065338135
1.5257515907287598
0.5330791473388672
2.6448094844818115
0.803459644317627
2.1917202472686768
0.9106988906860352
2.0210225582122803
1.8264210224151611
1.0398626327514648
0.9583315849304199
2.6749138832092285
1.8918819427490234
1.895482063293457
3.2302215099334717
1.7976138591766357
5.970532417297363
1.6199686527252197
1.9684772491455078
1.6526856422424316
1.5254621505737305
1.4502127170562744
1.4038925170898438
2.786356210708618
3.839236259460449
0.9876797199249268
3.423046112060547
2.010434627532959
2.8734092712402344
2.629091262817383
1.7200143337249756
4.591760873794556
1.6041467189788818
2.0053772926330566
2.7250077724456787
1.8058397769927979
2.0023341178894043
1.8358418941497803
1.069131851196289
2.9937174320220947
8.181892156600952
176.41922450065613
2.150254487991333
2.486759662628174
1.5938472747802734
2.3885343074798584
0.5783345699310303
7.829993724822998
1.6221914291381836
3.3535661697387695
1.913278341293335
2.8664069175720215
2.5654659271240234
6.3133509159088135
0.4750680923461914
2.3385021686553955
0.7126364707946777
1.1065809726715088
2.4425246715545654
2.146113634109497
2.576852798461914
0.561793327331543
2.1082310676574707
1.1516790390014648
3.0993306636810303
0.7398498058319092
1.4720401763916016
1.7558355331420898
2.5326638221740723
1.9437596797943115
1.5012283325195312
2.3501133918762207
2.0849905014038086
1.0960264205932617
1.9234580993652344
1.7523934841156006
0.5117332935333252
2.6271965503692627
0.6782791614532471
0.9304413795471191
177.51457595825195
1.5250499248504639
1.8811357021331787
2.3868167400360107
1.7353007793426514
3.9687469005584717
0.68556809425354
1.1009767055511475
1.945237398147583
1.5893886089324951
0.8042457103729248
0.36034417152404785
2.2502784729003906
2.012035846710205
6.471156358718872
0.8101184368133545
1.5410470962524414
1.8473632335662842
0.8874938488006592
1.8185415267944336
0.6847043037414551
1.7321484088897705
10.18159818649292
1.5604033470153809
1.9184606075286865
1.4893720149993896
5.330310344696045
1.8524272441864014
1.9522762298583984
2.3673274517059326
1.8305656909942627
2.218552589416504
