5.563816070556641
9.586188077926636
1.6195976734161377
2.09682559967041
1.9904208183288574
3.473508358001709
2.7501704692840576
2.1724181175231934
2.195939779281616
4.32122802734375
2.558403968811035
2.455024003982544
1.3870124816894531
1.8829987049102783
1.1076068878173828
3.7162582874298096
1.2883555889129639
2.397965908050537
0.7280092239379883
3.0868959426879883
6.315896034240723
2.90988826751709
1.010040044784546
2.575148820877075
1.836756706237793
1.2615177631378174
2.558414936065674
2.1167259216308594
0.9209506511688232
2.6975579261779785
4.108331918716431
0.9469242095947266
5.345252752304077
2.5924110412597656
1.261648416519165
2.2255914211273193
4.004623889923096
2.950324535369873
9.797486305236816
1.8814327716827393
0.7356500625610352
0.6783614158630371
2.070749521255493
0.9849338531494141
0.8570501804351807
6.050300121307373
2.475242853164673
1.9506151676177979
2.1278293132781982
1.2728841304779053
1.3315625190734863
3.158186435699463
1.9544012546539307
0.7660641670227051
1.4165008068084717
2.9377098083496094
4.7726404666900635
0.5652506351470947
4.481703996658325
0.8491334915161133
3.6764283180236816
0.9390380382537842
1.468904972076416
2.736755132675171
3.1814157962799072
3.371975898742676
1.261200189590454
1.6870307922363281
2.7298038005828857
3.0550851821899414
8.959333419799805
9.928199052810669
3.453864574432373
2.1295456886291504
2.5996909141540527
2.630112409591675
1.1333527565002441
2.131394863128662
3.8981664180755615
0.9528424739837646
1.35955810546875
2.205852508544922
3.6943750381469727
3.6533749103546143
2.816096782684326
6.376097202301025
2.4219565391540527
2.982297658920288
1.3505668640136719
2.1018879413604736
0.6395440101623535
1.701878547668457
3.0490968227386475
0.7957277297973633
2.3390464782714844
1.741654396057129
1.8014166355133057
2.4466030597686768
3.446640968322754
0.618161678314209
5.490210771560669
1.9423749446868896
1.106595754623413
2.2981040477752686
0.7619154453277588
2.016197443008423
1.6109638214111328
4.689440727233887
0.8906846046447754
0.6208696365356445
2.2861809730529785
3.1444668769836426
1.9409871101379395
5.740485429763794
0.952171802520752
2.689938545227051
2.0769007205963135
3.776731252670288
0.6538548469543457
2.5552923679351807
2.2219979763031006
0.7773993015289307
7.119908332824707
2.1947133541107178
1.6883268356323242
5.295710325241089
2.7447669506073
3.283466339111328
2.657379627227783
1.463318109512329
2.5565919876098633
5.005120515823364
2.5705313682556152
2.2405052185058594
6.348439693450928
2.8593027591705322
1.3154737949371338
1.0468051433563232
0.9877464771270752
1.0465877056121826
2.2131428718566895
4.4987781047821045
2.466942310333252
5.122981309890747
3.1552982330322266
1.4056000709533691
3.610057830810547
6.428351163864136
1.8113212585449219
3.3267579078674316
9.528767347335815
4.0573296546936035
1.8208236694335938
1.187530517578125
2.137594223022461
1.5774786472320557
6.089120388031006
3.5093979835510254
2.1951425075531006
1.3333985805511475
2.76987886428833
0.6634218692779541
2.5445432662963867
2.105872392654419
2.4563260078430176
4.7708775997161865
10.357133388519287
2.1820950508117676
13.712926387786865
2.187418222427368
1.118149995803833
2.1349446773529053
2.141716480255127
2.6229827404022217
3.3114850521087646
2.833937644958496
1.7595186233520508
3.437072277069092
2.8614015579223633
2.288195848464966
3.1508145332336426
1.8512051105499268
2.294816732406616
4.519143104553223
6.305776834487915
3.7293472290039062
0.9388291835784912
8.459806203842163
0.49848341941833496
0.8102138042449951
1.0074224472045898
3.3197662830352783
1.7846665382385254
2.875795841217041
1.6533281803131104
1.7995316982269287
3.7910947799682617
2.3120229244232178
2.0748331546783447
2.197985887527466
2.3536794185638428
2.2021024227142334
5.547442197799683
3.1372578144073486
2.630617380142212
1.3807551860809326
2.420875310897827
2.894782543182373
2.715810537338257
2.2610270977020264
2.8342390060424805
2.1710801124572754
6.160250425338745
1.9950511455535889
2.821882486343384
2.311636209487915
2.103355646133423
2.1813454627990723
0.6283092498779297
4.045119524002075
1.9536824226379395
4.174732208251953
3.044506549835205
3.0594398975372314
2.0323219299316406
0.8046584129333496
1.9218416213989258
8.32787036895752
2.7090799808502197
6.9027099609375
3.0691545009613037
4.285188913345337
6.791475534439087
3.176544189453125
3.708533763885498
2.026273250579834
2.4438178539276123
1.4750239849090576
3.3833043575286865
1.0629229545593262
2.5951967239379883
1.6165940761566162
0.6122305393218994
4.67224907875061
1.486840009689331
1.6869351863861084
2.7008869647979736
1.6996448040008545
8.562489986419678
1.0630137920379639
2.3492679595947266
2.3730556964874268
3.203906774520874
6.038890361785889
3.036775827407837
2.474208116531372
5.436757802963257
2.5436859130859375
2.0364015102386475
1.559152364730835
3.3338568210601807
2.4228999614715576
3.0708420276641846
2.0254156589508057
0.7956132888793945
4.776182174682617
3.770707607269287
4.116778373718262
6.234551429748535
1.790579080581665
3.2104878425598145
1.709486722946167
0.7856733798980713
10.68149209022522
1.890291690826416
5.313094139099121
2.1317946910858154
2.146998643875122
1.3321716785430908
0.7273190021514893
4.414108514785767
2.450288772583008
10.056692838668823
2.629277229309082
2.4872615337371826
2.3341994285583496
1.4767146110534668
18.707240104675293
1.6104261875152588
2.5507404804229736
11.366251945495605
1.630556583404541
0.9099116325378418
1.0698902606964111
1.5515544414520264
3.8412210941314697
1.163292407989502
2.4626872539520264
2.063791036605835
1.9032771587371826
