2.3200087547302246
0.9766168594360352
0.6241943836212158
0.4462127685546875
1.181734561920166
0.3814828395843506
0.788383960723877
0.6065680980682373
0.6824948787689209
0.5734257698059082
1.0818896293640137
0.47474241256713867
0.1297004222869873
0.8365974426269531
0.5680513381958008
0.9030437469482422
0.5234818458557129
2.0903804302215576
1.1650688648223877
0.6793932914733887
1.14149808883667
1.0747528076171875
0.8116581439971924
0.534724235534668
1.9258835315704346
1.0687570571899414
0.6204180717468262
1.2009849548339844
0.4976527690887451
0.8360767364501953
0.3634943962097168
0.5056450366973877
1.5017988681793213
1.755131483078003
0.5817427635192871
0.6033008098602295
1.879396915435791
0.6714468002319336
1.3327491283416748
0.9306654930114746
1.1947989463806152
0.24336934089660645
0.20318913459777832
1.0959904193878174
0.9747700691223145
1.386413335800171
1.4278373718261719
0.5466194152832031
0.5917093753814697
0.6357696056365967
0.8521878719329834
0.7717170715332031
0.5606606006622314
0.5287911891937256
0.9580972194671631
0.39435625076293945
0.5725140571594238
1.259263277053833
0.4596376419067383
0.7772700786590576
0.7245290279388428
0.663689374923706
0.22024846076965332
0.4095194339752197
0.4869570732116699
0.7044918537139893
1.046022653579712
0.7318060398101807
0.6790952682495117
0.5538597106933594
0.9664690494537354
1.0969445705413818
0.41361021995544434
0.8508725166320801
0.718052864074707
0.5675034523010254
1.178940773010254
0.5833652019500732
0.7882921695709229
0.9853699207305908
1.3181498050689697
1.1121759414672852
0.5370194911956787
0.9547214508056641
0.29878854751586914
1.1141204833984375
0.7387869358062744
0.7447690963745117
0.6750588417053223
0.9129571914672852
0.6916799545288086
1.163787841796875
0.5255217552185059
0.4994065761566162
0.5941212177276611
0.5842089653015137
0.6313502788543701
1.1204142570495605
0.5756034851074219
0.4600844383239746
0.6873784065246582
0.5245015621185303
0.8475244045257568
0.5617637634277344
0.5331335067749023
0.716156005859375
0.9234669208526611
0.6076583862304688
0.7674281597137451
0.5703463554382324
0.5807106494903564
1.311833143234253
0.5160121917724609
0.5815253257751465
0.9180929660797119
0.9708108901977539
0.7873680591583252
0.479264497756958
0.5276570320129395
0.7362198829650879
0.47835874557495117
0.4670562744140625
0.6864166259765625
2.5582141876220703
0.6910591125488281
2.1330668926239014
0.7020061016082764
1.4552562236785889
0.6485404968261719
0.8349080085754395
0.7170484066009521
1.6204326152801514
1.1855638027191162
0.587090015411377
0.619863748550415
1.0713093280792236
0.2922217845916748
0.8198785781860352
0.5669260025024414
0.848900556564331
0.8986291885375977
0.7212274074554443
0.6884491443634033
3.748602867126465
1.4030261039733887
0.5927972793579102
0.5015075206756592
1.1255273818969727
1.1116445064544678
0.5159509181976318
0.4882357120513916
1.5025122165679932
1.7574024200439453
0.6512720584869385
0.8610587120056152
0.5454823970794678
0.5323820114135742
2.317866563796997
1.3753466606140137
0.7593288421630859
0.8405771255493164
0.8882932662963867
0.528531551361084
0.5877609252929688
0.8935227394104004
0.24678325653076172
0.7033917903900146
0.9145159721374512
3.0887742042541504
0.80582594871521
0.6171538829803467
0.4828071594238281
0.5542418956756592
0.525505542755127
0.9781160354614258
0.5538697242736816
0.4917638301849365
1.1191446781158447
0.7580838203430176
0.6581456661224365
0.9203903675079346
1.168409824371338
0.7522847652435303
0.5581305027008057
0.6274459362030029
0.614112377166748
0.6016371250152588
0.6432955265045166
0.5447092056274414
0.44033026695251465
0.5139191150665283
0.4829533100128174
0.4360787868499756
0.12486791610717773
0.7548706531524658
0.6271226406097412
0.6330516338348389
0.6043856143951416
0.17276310920715332
0.6635019779205322
1.0222647190093994
0.4727768898010254
0.804610013961792
0.6667649745941162
0.20670676231384277
0.826495885848999
1.0656442642211914
0.5929849147796631
0.6200711727142334
0.7607059478759766
0.6246037483215332
0.9729280471801758
10.984550952911377
1.3875610828399658
0.5821335315704346
0.6607348918914795
0.8678383827209473
0.7079846858978271
0.842566967010498
1.9280281066894531
0.7036149501800537
0.7188704013824463
0.5889308452606201
0.2212364673614502
0.45546412467956543
0.6792013645172119
0.569739818572998
0.9212789535522461
0.5160336494445801
1.1245756149291992
1.9379074573516846
0.8387970924377441
0.23262643814086914
1.6946630477905273
0.8362839221954346
1.4136073589324951
0.2495403289794922
0.8440670967102051
1.3764684200286865
1.0869262218475342
0.48329758644104004
1.8657104969024658
0.7458572387695312
0.6850783824920654
0.650017499923706
0.5900413990020752
1.078566312789917
0.46788907051086426
2.06713604927063
0.6890552043914795
1.050889015197754
0.6058151721954346
0.543975830078125
0.723656415939331
0.21921396255493164
2.0723628997802734
0.7077713012695312
1.1331944465637207
0.5685017108917236
0.5366389751434326
0.21140623092651367
0.5608668327331543
3.998281717300415
1.339320182800293
0.7138450145721436
1.0476784706115723
0.891169548034668
1.4737823009490967
0.4090409278869629
0.6332778930664062
0.7624015808105469
0.6005985736846924
0.6081581115722656
0.665442943572998
0.6691620349884033
0.953798770904541
0.22593045234680176
1.1960418224334717
0.5136313438415527
0.6756718158721924
2.2068707942962646
1.3391673564910889
1.6249547004699707
0.6789674758911133
0.6703531742095947
0.5297544002532959
0.6475322246551514
0.6262955665588379
0.21440958976745605
0.8441112041473389
10.673693895339966
0.6090273857116699
0.9535675048828125
0.6098525524139404
3.3712544441223145
0.6572420597076416
0.6955463886260986
0.6711804866790771
0.20555567741394043
1.0793964862823486
