2.2176878452301025
5.548330068588257
6.435492992401123
4.155211448669434
2.478644609451294
2.606912612915039
2.2265501022338867
7.175070524215698
2.207261323928833
2.120995283126831
5.854905605316162
2.3092379570007324
0.9017665386199951
1.9331228733062744
2.002042055130005
3.7054014205932617
1.704507827758789
4.5860817432403564
2.6761131286621094
2.3873279094696045
1.7801449298858643
4.7089598178863525
1.4137299060821533
3.1625328063964844
2.7582852840423584
1.8073325157165527
2.4253101348876953
1.7773280143737793
5.662524223327637
5.913798093795776
3.821314811706543
1.157186508178711
6.581975698471069
1.9729199409484863
2.29848313331604
3.469287157058716
5.581782817840576
2.2601935863494873
3.6146695613861084
1.529505729675293
4.442493200302124
1.0019731521606445
3.575493812561035
1.3403005599975586
1.6401679515838623
3.0761055946350098
3.4391846656799316
1.474949836730957
1.2289574146270752
3.8914685249328613
1.8164587020874023
0.5335490703582764
2.8654794692993164
0.7669320106506348
1.1658298969268799
1.6609158515930176
5.4366538524627686
0.9677996635437012
1.276576042175293
3.2918336391448975
3.813157320022583
1.842555284500122
0.8373715877532959
1.104872465133667
1.2146470546722412
2.3974733352661133
1.1603546142578125
1.4002768993377686
2.3511898517608643
2.1958587169647217
3.973139762878418
2.423065423965454
2.185185432434082
1.7877233028411865
2.727205753326416
1.5426557064056396
1.3509933948516846
1.8075244426727295
1.0606932640075684
1.9213144779205322
1.7024240493774414
3.1774237155914307
3.477719783782959
1.085254192352295
3.302615165710449
1.265580415725708
0.8896048069000244
1.3895816802978516
0.8447489738464355
1.8629653453826904
0.9336750507354736
1.1824803352355957
0.9449341297149658
2.6073215007781982
1.5594544410705566
0.7516746520996094
0.9086771011352539
1.2049205303192139
1.3832533359527588
0.808340311050415
4.0203351974487305
1.323899745941162
2.803361654281616
1.438462257385254
1.0223052501678467
1.3875150680541992
0.907210111618042
1.0879764556884766
0.9798665046691895
0.8201310634613037
2.3923373222351074
1.2042858600616455
1.1974093914031982
1.1934514045715332
0.7954001426696777
1.3695383071899414
1.4606595039367676
1.3365647792816162
1.3234682083129883
1.9307136535644531
1.4587090015411377
1.0026085376739502
0.9527411460876465
0.9177634716033936
1.3149664402008057
3.3655335903167725
0.5636541843414307
2.6327359676361084
1.0515387058258057
1.1399269104003906
3.901339530944824
2.3208703994750977
1.7291069030761719
1.3778738975524902
1.2928962707519531
2.6907877922058105
1.7894740104675293
1.2819907665252686
0.9701836109161377
3.188366174697876
1.3092319965362549
1.3347835540771484
2.143592119216919
2.288452625274658
1.1684012413024902
1.5230381488800049
2.585507392883301
6.699487924575806
1.0976409912109375
1.3826558589935303
1.1306138038635254
1.908029556274414
2.3017046451568604
0.8481552600860596
1.513791561126709
0.8045814037322998
3.7591066360473633
0.7931814193725586
1.495732307434082
1.8842759132385254
1.201653242111206
1.1954782009124756
1.368410348892212
1.3505938053131104
3.254753351211548
1.0082299709320068
4.021966934204102
3.6820995807647705
12.155694007873535
3.5426104068756104
1.4336514472961426
1.5283231735229492
0.8841855525970459
0.840778112411499
1.3306751251220703
1.1831457614898682
0.9025044441223145
0.9244461059570312
1.272167444229126
0.8922560214996338
1.4720070362091064
1.6212434768676758
1.4864013195037842
2.9411137104034424
2.2888901233673096
1.2758681774139404
1.3980004787445068
2.361429214477539
0.9026827812194824
0.890113115310669
5.2076311111450195
0.6843938827514648
0.7247965335845947
1.4891018867492676
1.5614078044891357
2.100949287414551
0.8962087631225586
1.909569263458252
1.6334311962127686
1.5490458011627197
3.9128258228302
1.3706235885620117
3.077336549758911
4.068767786026001
1.3081064224243164
0.7871668338775635
1.0928986072540283
1.2231154441833496
1.5026204586029053
2.8843116760253906
1.353203296661377
2.4452426433563232
3.048708438873291
1.3304574489593506
10.734477758407593
3.151144027709961
6.141949415206909
3.5459916591644287
1.1994082927703857
3.91977858543396
2.3804149627685547
4.856211185455322
3.0649828910827637
1.246037483215332
1.955744743347168
2.2686281204223633
1.0438642501831055
2.947579860687256
2.4184229373931885
4.6257171630859375
2.9809372425079346
2.562791347503662
3.998629331588745
1.531890869140625
2.0705268383026123
2.266845226287842
1.9201881885528564
5.823261737823486
1.0392861366271973
1.6685209274291992
14.832822561264038
2.7240548133850098
3.876199245452881
5.878349542617798
1.5508437156677246
4.058105945587158
4.489269733428955
1.400010347366333
1.7138772010803223
3.7405686378479004
5.751135587692261
1.2776658535003662
1.200819969177246
1.529491901397705
2.360853910446167
3.7256226539611816
3.7015318870544434
3.3656508922576904
4.942357063293457
3.7914397716522217
1.1424221992492676
2.4629111289978027
3.940931797027588
1.9306209087371826
1.3474924564361572
5.084680080413818
2.1555702686309814
5.871707201004028
2.0025064945220947
2.704805850982666
3.093932628631592
0.9615991115570068
1.6319348812103271
4.714635848999023
2.3561816215515137
4.229618787765503
3.314072608947754
3.025751829147339
2.587242603302002
0.9746787548065186
5.691575288772583
4.941275119781494
11.400393724441528
1.8410236835479736
1.7234416007995605
1.331186056137085
2.5272514820098877
3.3995842933654785
2.370244264602661
3.490854263305664
3.7864465713500977
1.733278512954712
3.322155714035034
1.368922472000122
0.8907802104949951
2.7991745471954346
2.4549789428710938
1.882045030593872
1.9455139636993408
1.0644276142120361
