4.80510950088501
9.516075372695923
4.143239498138428
11.717658042907715
1.2347187995910645
10.770406246185303
1.4300475120544434
0.5827903747558594
8.433634042739868
6.62191104888916
3.323918342590332
6.836311340332031
8.385306358337402
10.622616052627563
2.172740936279297
6.914634466171265
10.869969367980957
1.1710968017578125
10.729339122772217
5.941790342330933
4.959256172180176
2.9122796058654785
1.6171824932098389
5.578346490859985
2.211312770843506
6.333326578140259
3.204322338104248
2.1471331119537354
5.067744970321655
4.537731885910034
11.226966142654419
1.1455700397491455
10.620935440063477
1.0581560134887695
1.4228646755218506
1.9482989311218262
11.384746551513672
1.4481306076049805
10.21172308921814
1.6743714809417725
6.094105243682861
1.5211517810821533
6.467063665390015
2.439274311065674
8.421684265136719
7.577144622802734
5.749880313873291
8.296647787094116
6.27062463760376
1.553607702255249
10.924978733062744
2.180192470550537
11.108542203903198
1.159475326538086
2.134326219558716
10.961389780044556
5.9596107006073
8.660345792770386
4.97308611869812
1.64137601852417
11.09132981300354
6.362988471984863
6.346725225448608
1.378638505935669
8.858531475067139
10.965936422348022
1.8557100296020508
5.147111177444458
10.789368629455566
3.8940176963806152
7.039924621582031
11.278308629989624
3.6423110961914062
4.842705011367798
10.947055101394653
9.145164728164673
4.866182088851929
5.242647171020508
10.271694421768188
11.15863847732544
10.743582010269165
6.17305850982666
6.674247741699219
3.1015713214874268
6.404547214508057
4.76879096031189
4.346798896789551
3.970214366912842
4.296415567398071
4.230598211288452
1.0583746433258057
7.555001735687256
3.1610491275787354
3.4233319759368896
6.635440349578857
3.9607491493225098
4.366276264190674
3.203007936477661
8.333193063735962
1.084747314453125
9.46114730834961
10.957459688186646
6.761523723602295
6.837852716445923
11.101495027542114
1.6254236698150635
4.009332656860352
2.3760902881622314
1.3283405303955078
1.3153681755065918
11.102806568145752
11.52220869064331
5.111385345458984
2.438844919204712
1.115278959274292
1.1743230819702148
3.282841444015503
4.75373387336731
1.6013741493225098
11.25420093536377
7.481073379516602
1.165569543838501
1.101602554321289
5.346009254455566
4.659985542297363
11.047435522079468
9.682368516921997
4.382194995880127
5.916131973266602
1.4027869701385498
4.730685234069824
11.397709846496582
3.7678780555725098
5.499290466308594
5.220336198806763
7.585296630859375
3.6323416233062744
6.425415992736816
7.889422416687012
4.805633783340454
2.0450565814971924
11.241724014282227
8.047791004180908
10.840816736221313
6.139187574386597
6.2976884841918945
4.1254096031188965
2.1791229248046875
8.860303163528442
11.46887731552124
1.0457711219787598
10.875134944915771
11.155391454696655
1.3973937034606934
1.7507989406585693
1.1622869968414307
1.892282485961914
2.903412342071533
9.732181310653687
7.516439914703369
1.5428311824798584
1.0961723327636719
9.445816278457642
1.2918365001678467
11.053365230560303
1.1640212535858154
11.216100692749023
10.910846948623657
10.108763933181763
11.074637413024902
1.3224923610687256
4.866765260696411
11.235251665115356
1.9044599533081055
2.8966479301452637
11.02721619606018
1.4330601692199707
7.053914785385132
1.4769885540008545
3.499096155166626
11.069982290267944
7.898679494857788
5.439681053161621
5.999608516693115
9.0218186378479
5.449848890304565
4.65139365196228
1.4361670017242432
11.024773120880127
3.9867918491363525
6.813065052032471
2.555086851119995
1.6267008781433105
6.547278165817261
3.4310550689697266
11.053068161010742
1.033092737197876
1.3874804973602295
2.3610336780548096
11.00294804573059
8.434325218200684
3.6663589477539062
11.37178635597229
1.1400957107543945
7.673272132873535
10.786972284317017
11.596937894821167
1.7765684127807617
3.1230180263519287
10.834988355636597
4.752716541290283
8.339295387268066
10.999833822250366
1.5846285820007324
10.904453754425049
9.203682661056519
0.8357844352722168
4.883996486663818
6.453001260757446
1.7612581253051758
7.679574251174927
1.4531610012054443
4.334134578704834
10.924591064453125
6.759512662887573
1.235055923461914
11.181503295898438
7.724805593490601
1.2278456687927246
4.417015552520752
9.726454257965088
6.92018723487854
10.477603435516357
5.93111777305603
4.311017751693726
1.6658573150634766
1.363473653793335
11.317175388336182
0.955237627029419
1.7429497241973877
1.5608601570129395
11.07824420928955
1.4631431102752686
7.044220685958862
1.8904306888580322
1.717355728149414
6.291239261627197
5.71513032913208
11.37552523612976
7.928619384765625
2.6772425174713135
10.982666015625
1.2794768810272217
1.3612656593322754
3.723757266998291
7.512089014053345
2.492098093032837
4.197266340255737
3.2524828910827637
5.617309093475342
2.0123209953308105
5.0376904010772705
9.08805799484253
3.675539016723633
1.387155532836914
11.357108354568481
7.276763916015625
4.312360525131226
11.077658891677856
8.236934423446655
8.015526533126831
3.6072134971618652
10.847588539123535
2.9285519123077393
1.856247901916504
4.919265031814575
3.0103085041046143
2.7709362506866455
10.727365732192993
1.1550045013427734
1.0524194240570068
8.50419807434082
10.77427887916565
4.867387771606445
4.052577972412109
7.247164964675903
10.460363864898682
11.288612604141235
6.7988786697387695
1.9710030555725098
7.330205917358398
1.267075538635254
3.391526222229004
10.824213743209839
11.237722158432007
10.819226264953613
3.5316433906555176
7.520704746246338
0.9653477668762207
2.606189012527466
