2.0955605506896973
1.2355177402496338
0.5864813327789307
0.29647374153137207
0.707003116607666
0.8879976272583008
0.6276910305023193
0.9956884384155273
2.81565260887146
0.9685168266296387
1.055466651916504
0.8502664566040039
0.7516436576843262
0.8670809268951416
0.757664680480957
0.76729416847229
1.0457046031951904
1.1636571884155273
0.9585890769958496
1.0355510711669922
1.692014217376709
1.0141255855560303
1.6280021667480469
1.133549451828003
1.3452060222625732
0.6758182048797607
0.5447790622711182
0.4739875793457031
0.5739572048187256
0.8650238513946533
0.7236487865447998
0.7025480270385742
11.467695236206055
2.073441982269287
1.4494335651397705
1.7814218997955322
0.47698521614074707
0.42551708221435547
1.162027359008789
1.4767367839813232
1.0974676609039307
2.98797345161438
0.6440637111663818
0.7117376327514648
2.3661539554595947
3.0745439529418945
1.1267836093902588
1.0787475109100342
1.0585541725158691
1.4924757480621338
0.8141598701477051
0.8697924613952637
0.9377913475036621
0.9257433414459229
0.8727476596832275
0.8267741203308105
0.44948244094848633
0.5204019546508789
0.5640978813171387
0.6503474712371826
0.9786076545715332
0.6219441890716553
0.675347089767456
0.3512687683105469
0.9505987167358398
0.951176643371582
0.8640468120574951
0.8509645462036133
0.7419185638427734
1.0664114952087402
0.9540739059448242
1.106088638305664
0.9669394493103027
1.0499873161315918
1.0280072689056396
1.6549296379089355
0.8891556262969971
0.38451361656188965
1.327848196029663
1.8154170513153076
1.1738059520721436
1.4710922241210938
0.6192240715026855
1.3606235980987549
1.0132629871368408
0.5501329898834229
0.8452756404876709
0.7347424030303955
1.0864861011505127
1.0414247512817383
1.6853713989257812
1.2378931045532227
1.140916347503662
0.5198307037353516
0.7393665313720703
0.7965567111968994
0.9638257026672363
0.9921467304229736
0.3635132312774658
0.4244532585144043
