1.5906822681427002
1.3715193271636963
1.2147634029388428
0.760887861251831
1.445568323135376
7.171634674072266
9.898476600646973
7.838404178619385
5.385641813278198
7.345177888870239
4.930320978164673
3.604177713394165
1.6373841762542725
6.355761289596558
1.8892464637756348
1.1412668228149414
0.9321293830871582
5.0605645179748535
3.7786223888397217
4.854461193084717
1.2619948387145996
1.058635950088501
1.3288822174072266
2.0451831817626953
1.714055061340332
1.123382806777954
1.5060176849365234
1.1033728122711182
3.734286069869995
7.903229713439941
0.8269259929656982
0.7885444164276123
1.075723648071289
1.8000142574310303
1.2858953475952148
0.9769926071166992
2.5139245986938477
5.92483115196228
1.3737571239471436
3.311581611633301
1.123304843902588
2.5625033378601074
4.8668859004974365
3.0881969928741455
1.4870097637176514
3.2998099327087402
4.477185010910034
1.3597173690795898
1.1543247699737549
1.469376564025879
1.137237787246704
1.5609948635101318
1.283921718597412
1.430955171585083
5.518576622009277
1.1738646030426025
2.8230600357055664
0.7469661235809326
11.903330326080322
0.7973122596740723
2.9709057807922363
1.203503131866455
1.049123764038086
1.4515092372894287
1.9902818202972412
1.511634349822998
0.9935183525085449
1.0855257511138916
1.0768890380859375
0.9930586814880371
1.8517117500305176
1.618673324584961
1.4114866256713867
1.3842227458953857
1.688297986984253
2.324355363845825
1.0555953979492188
3.6604716777801514
1.0427947044372559
2.40144419670105
0.8252992630004883
0.8730032444000244
0.8390998840332031
0.9169332981109619
1.0977654457092285
8.617207288742065
1.011211633682251
1.0928831100463867
1.2326781749725342
1.8476500511169434
0.9766285419464111
1.2782390117645264
1.45115065574646
1.088212490081787
1.1709630489349365
0.9419736862182617
4.324246168136597
1.9220991134643555
1.0215985774993896
1.2861266136169434
