1.897049903869629
2.3528645038604736
1.0982918739318848
1.3848934173583984
1.5090227127075195
1.6467657089233398
1.5167744159698486
1.4722864627838135
1.5889084339141846
1.7070684432983398
1.5454425811767578
1.42753267288208
1.3803191184997559
2.5317723751068115
1.4759011268615723
1.3466410636901855
0.8755862712860107
0.9762883186340332
1.1035947799682617
3.518099784851074
1.2252216339111328
2.548074722290039
1.7235279083251953
1.3223814964294434
1.8356311321258545
1.0281782150268555
0.8009519577026367
1.3470022678375244
1.252397060394287
1.480987787246704
0.9410655498504639
0.7099480628967285
1.279670238494873
1.7631049156188965
1.5405006408691406
0.9114570617675781
0.8798060417175293
0.9631590843200684
1.6096608638763428
6.5979979038238525
1.375828742980957
2.188523530960083
1.5623574256896973
1.368854284286499
1.851844072341919
7.080010652542114
1.388575553894043
1.8054406642913818
1.5603969097137451
1.4215636253356934
1.1633856296539307
3.2046642303466797
1.3145112991333008
1.4574289321899414
1.3484516143798828
1.3350095748901367
3.587341785430908
0.5156664848327637
3.97879958152771
4.986328125
5.6359148025512695
1.7895684242248535
4.202392578125
1.3457374572753906
1.1199960708618164
1.1571848392486572
1.3509840965270996
1.2471239566802979
1.237755537033081
0.33155083656311035
1.2170274257659912
1.654649257659912
1.4865913391113281
1.5073692798614502
1.0369138717651367
1.2702383995056152
4.948561429977417
4.148519992828369
1.3317949771881104
1.997617244720459
0.7729549407958984
0.8430135250091553
0.37146973609924316
0.3575711250305176
1.0891389846801758
0.9797813892364502
0.693047285079956
1.1966946125030518
1.3134102821350098
4.514963150024414
2.8045027256011963
1.2716426849365234
1.5538558959960938
2.9572274684906006
2.8556108474731445
0.9484374523162842
0.9927754402160645
4.7176573276519775
0.2744624614715576
0.39650821685791016
