2.676038980484009
0.46437501907348633
1.2906215190887451
1.267038106918335
1.386688470840454
1.4959633350372314
1.5399625301361084
1.5486526489257812
1.437805414199829
1.3458130359649658
1.3682606220245361
1.3557944297790527
1.434014081954956
1.3661181926727295
1.1863694190979004
0.8796665668487549
1.8559205532073975
0.750657320022583
1.1622734069824219
2.326124668121338
1.1727921962738037
0.9854621887207031
1.460136890411377
1.1444661617279053
2.9709830284118652
1.2002840042114258
2.22615385055542
1.319422721862793
1.3109591007232666
1.4720468521118164
0.677257776260376
0.6459720134735107
1.7132148742675781
1.2532203197479248
1.029893398284912
0.7287662029266357
0.7023355960845947
0.9128720760345459
1.41839599609375
3.2345738410949707
1.0549170970916748
1.443073034286499
1.5994277000427246
1.3306262493133545
1.9764857292175293
2.8667759895324707
2.7001216411590576
1.6906359195709229
1.2119054794311523
1.097651720046997
1.0696377754211426
1.2977187633514404
1.1021089553833008
1.1131815910339355
1.2551560401916504
1.0669176578521729
0.5967288017272949
0.638925313949585
2.6355202198028564
2.4787087440490723
1.463395357131958
0.7595586776733398
2.377228021621704
1.4638745784759521
1.1411783695220947
0.8125078678131104
1.2236247062683105
0.9110860824584961
0.9596357345581055
0.8112509250640869
0.9762716293334961
1.3960189819335938
1.1494035720825195
1.0594165325164795
1.2660009860992432
2.589975357055664
1.2240946292877197
1.138270616531372
1.6476805210113525
1.3434500694274902
0.954277753829956
0.665654182434082
0.7814538478851318
0.7587769031524658
0.839911699295044
0.9209306240081787
0.8388736248016357
1.0549907684326172
1.8168859481811523
1.685187816619873
0.8166234493255615
0.7382040023803711
1.3564808368682861
0.8132228851318359
1.1977953910827637
0.9950006008148193
0.9938759803771973
0.702533483505249
0.7951140403747559
0.4921903610229492
