2.884814500808716
3.483095645904541
1.6739442348480225
1.9679222106933594
1.8223214149475098
2.094649076461792
1.847013235092163
2.274686813354492
2.3571643829345703
2.2606709003448486
2.0133702754974365
1.8489160537719727
1.1043288707733154
3.090209484100342
2.6843044757843018
2.5532469749450684
2.264596700668335
1.4504690170288086
1.654832363128662
1.8009262084960938
2.149402618408203
2.0509371757507324
3.0020980834960938
2.4471559524536133
2.5166687965393066
1.5876884460449219
3.725951910018921
1.7084462642669678
2.006401777267456
1.8296253681182861
1.4619686603546143
1.3912978172302246
1.36295485496521
2.965411424636841
2.934103488922119
2.4633493423461914
1.3941316604614258
1.5899176597595215
2.290766954421997
1.946129322052002
1.8370330333709717
2.3285958766937256
3.237060070037842
1.8283538818359375
3.8648056983947754
5.388592720031738
1.9325566291809082
2.118680953979492
2.0240302085876465
2.272580146789551
1.8996388912200928
3.8527040481567383
2.4509811401367188
2.1415865421295166
2.6887757778167725
2.5062003135681152
1.2515342235565186
1.225935697555542
1.9009678363800049
1.565887451171875
3.770094156265259
1.6986041069030762
1.7751922607421875
4.297081232070923
2.496281147003174
2.3947253227233887
3.1800484657287598
1.772169589996338
1.6615452766418457
2.45261549949646
2.8457560539245605
3.7481629848480225
2.681837320327759
1.8830175399780273
1.672588586807251
1.7038874626159668
1.8396985530853271
1.7674648761749268
2.0252740383148193
2.1380615234375
1.3198597431182861
1.5289957523345947
1.5993897914886475
1.4262583255767822
2.761476516723633
1.7864809036254883
1.4779880046844482
1.6847541332244873
2.4797556400299072
2.7744874954223633
1.461155652999878
2.381150245666504
2.4904911518096924
1.1120946407318115
2.161339282989502
1.501077651977539
4.037297964096069
2.530909776687622
1.286360263824463
1.802006483078003
