11.539068222045898
0.6738715171813965
0.44686126708984375
0.5009012222290039
0.4791104793548584
0.7634322643280029
0.822638750076294
0.9498445987701416
0.40189051628112793
0.8023064136505127
0.7008094787597656
0.5355620384216309
0.5943667888641357
0.37777233123779297
0.5156166553497314
0.5785596370697021
0.44133496284484863
1.6972780227661133
0.7135334014892578
0.7787456512451172
0.6388387680053711
0.23821091651916504
0.11493396759033203
1.0836102962493896
0.5547792911529541
0.12739253044128418
0.34461116790771484
0.4692418575286865
0.46289634704589844
0.5308816432952881
0.4685084819793701
0.220109224319458
0.11638855934143066
0.2193441390991211
0.7002077102661133
0.3923838138580322
0.4268064498901367
1.3515310287475586
0.6549155712127686
10.733908414840698
0.6881053447723389
0.9673681259155273
0.3951904773712158
0.7391819953918457
1.079390525817871
0.643791913986206
0.6444776058197021
0.4280726909637451
0.22944188117980957
0.18565058708190918
0.9112582206726074
0.7160744667053223
0.1131749153137207
0.7791056632995605
0.8642449378967285
0.6765174865722656
0.1887831687927246
0.1488192081451416
0.22794127464294434
0.11186337471008301
0.5704026222229004
0.7028930187225342
0.8331298828125
0.5641536712646484
0.5559020042419434
0.26647090911865234
0.156097412109375
0.47800731658935547
0.6007289886474609
0.5715062618255615
0.7044620513916016
0.6506369113922119
0.9263730049133301
0.2194230556488037
0.22368383407592773
0.514061689376831
0.7669367790222168
0.3848695755004883
0.4410269260406494
1.3956937789916992
0.975731611251831
0.7099957466125488
0.7881038188934326
0.3941531181335449
0.9264562129974365
0.4691128730773926
0.3447265625
0.5706541538238525
0.1929776668548584
0.9040353298187256
0.4346730709075928
0.7230722904205322
0.5089197158813477
0.39689183235168457
0.4353508949279785
0.865476131439209
0.9418175220489502
0.3601341247558594
0.2980024814605713
0.4892423152923584
