1.3839914798736572
0.8882780075073242
2.1854848861694336
0.8402466773986816
0.824336051940918
4.18893027305603
9.554781436920166
4.773397207260132
2.5296740531921387
1.1678197383880615
1.645932674407959
0.8190667629241943
1.418886661529541
0.7923994064331055
1.4015474319458008
1.7629921436309814
3.167362689971924
4.330318212509155
1.6846649646759033
0.7782037258148193
2.7478394508361816
3.282777786254883
3.3497283458709717
3.3339827060699463
5.749328374862671
1.2222082614898682
0.8365449905395508
0.8062148094177246
0.6055171489715576
0.8055236339569092
1.7752211093902588
1.1232221126556396
3.062450885772705
1.504084587097168
3.0082552433013916
0.7304446697235107
0.8941230773925781
3.946136713027954
7.196883201599121
0.9035139083862305
0.8047020435333252
0.8412230014801025
1.3917443752288818
3.7582950592041016
3.5822296142578125
0.5360610485076904
0.6148431301116943
0.8015422821044922
1.214876413345337
1.0197415351867676
1.2466967105865479
0.7168359756469727
1.609302282333374
2.3618319034576416
2.670773983001709
0.7775042057037354
1.794823169708252
0.6446535587310791
0.664794921875
0.8111727237701416
1.1630969047546387
1.267029047012329
1.4582228660583496
0.842402458190918
1.395735263824463
0.9546718597412109
0.6811718940734863
0.518904447555542
0.769608736038208
0.6133530139923096
0.6751735210418701
0.6275298595428467
4.271518707275391
1.795240879058838
2.2640790939331055
1.9690868854522705
1.0327565670013428
1.31776762008667
0.6136174201965332
2.6533234119415283
0.7531702518463135
0.7472817897796631
1.1975977420806885
0.6361639499664307
1.2692456245422363
0.6413805484771729
5.24869704246521
0.705977201461792
1.0548090934753418
1.2850115299224854
1.2219157218933105
3.4720678329467773
0.41208457946777344
0.859276294708252
0.7525508403778076
1.4875047206878662
1.242121696472168
0.8002040386199951
0.6698622703552246
0.7829489707946777
