1.7122228145599365
0.7614583969116211
1.7872986793518066
0.5098814964294434
0.5039553642272949
2.427356004714966
1.5802667140960693
0.483872652053833
0.4787466526031494
0.9800693988800049
0.9649505615234375
0.4028193950653076
0.8463582992553711
0.4747912883758545
2.211042881011963
0.8450000286102295
0.14224648475646973
4.973596096038818
0.6779739856719971
0.6309366226196289
1.595693826675415
2.022902488708496
1.4612312316894531
0.5027923583984375
0.438446044921875
0.7550592422485352
0.5022106170654297
0.47515344619750977
0.3857755661010742
0.48955702781677246
0.534381628036499
0.6674935817718506
2.072134494781494
0.7400281429290771
0.8241081237792969
0.44965147972106934
0.47939324378967285
5.742886543273926
4.741589307785034
0.5516574382781982
0.6706101894378662
0.5817995071411133
4.230208158493042
0.6319808959960938
1.3031909465789795
0.4108922481536865
0.6454248428344727
0.638617753982544
0.8561601638793945
0.6766431331634521
2.2724499702453613
0.4419071674346924
0.5097413063049316
1.8993268013000488
1.5768606662750244
0.5296497344970703
0.9961731433868408
2.1446521282196045
1.3210361003875732
0.4909050464630127
0.6970531940460205
0.6992676258087158
0.8939034938812256
1.9331567287445068
0.9056487083435059
0.559234619140625
0.6958684921264648
0.44452953338623047
0.34525036811828613
0.3890838623046875
0.41176795959472656
0.4423372745513916
2.081831693649292
1.035491943359375
1.2675838470458984
2.016280174255371
0.8574857711791992
1.2011363506317139
0.37236666679382324
1.421048879623413
1.0960776805877686
0.8195579051971436
0.7432339191436768
0.4159379005432129
0.785336971282959
0.42698240280151367
3.205260753631592
0.48072314262390137
0.982043981552124
1.0241031646728516
0.5524659156799316
0.33628320693969727
0.46093106269836426
0.3860001564025879
0.928248405456543
0.8682742118835449
0.5564806461334229
0.4768519401550293
0.46195435523986816
0.49286890029907227
