1.9695320129394531
1.2276411056518555
2.4932258129119873
1.0071711540222168
0.9895899295806885
1.2301490306854248
1.223055124282837
2.0906031131744385
1.7483539581298828
1.3143367767333984
1.174595594406128
0.6931393146514893
1.2484056949615479
2.4300601482391357
1.0689246654510498
1.5458893775939941
1.8476533889770508
1.4516277313232422
0.8849630355834961
0.857074499130249
1.9551782608032227
2.037796974182129
1.9312281608581543
1.9106206893920898
0.7863452434539795
0.5046820640563965
0.8004944324493408
0.7046058177947998
0.8263590335845947
0.9901323318481445
0.958550214767456
1.5726895332336426
1.3391838073730469
1.0013935565948486
2.3604400157928467
0.7826104164123535
1.0032007694244385
2.9110512733459473
6.906496047973633
0.9215507507324219
0.9695487022399902
1.4560871124267578
3.4632420539855957
1.8307085037231445
1.1028461456298828
1.054020881652832
1.1587395668029785
0.998237133026123
2.113328456878662
1.281651496887207
2.361839771270752
1.3212776184082031
1.4025256633758545
3.798696279525757
1.4219081401824951
1.396407127380371
6.514919996261597
2.108201742172241
0.39257049560546875
0.901465654373169
1.2695109844207764
1.387448787689209
1.8335847854614258
1.519120454788208
1.6254777908325195
1.1116633415222168
0.6362495422363281
0.6624176502227783
10.280017137527466
0.9640793800354004
0.9901666641235352
1.1668550968170166
1.4339075088500977
2.0527734756469727
3.205737352371216
1.3688340187072754
1.750410556793213
1.008824110031128
0.8353381156921387
2.2820301055908203
0.8681468963623047
0.9341030120849609
1.2385399341583252
2.180832862854004
1.865516185760498
7.315242528915405
3.0842626094818115
0.8818182945251465
1.2529940605163574
1.2258741855621338
1.0963220596313477
0.9324347972869873
0.6848516464233398
0.6221299171447754
0.6751086711883545
1.3071186542510986
1.1387791633605957
6.131046772003174
3.1130123138427734
4.143702030181885
