1.471383810043335
2.0716536045074463
0.9574375152587891
1.432262897491455
1.3704519271850586
9.654499530792236
12.26740312576294
5.840965747833252
5.197336912155151
1.3706862926483154
1.8061034679412842
0.9824771881103516
1.4131526947021484
1.4737327098846436
1.4721064567565918
1.261772632598877
3.8541085720062256
8.977025747299194
1.4730861186981201
1.3217949867248535
2.259169816970825
2.388111114501953
1.8233933448791504
6.5249340534210205
10.963712930679321
1.9978938102722168
0.9865579605102539
1.1635422706604004
1.163599967956543
1.484400749206543
1.3415851593017578
3.922248125076294
1.716493844985962
4.327779769897461
3.692218542098999
2.979296922683716
9.922649145126343
10.895976543426514
10.83503246307373
10.980574607849121
10.279289484024048
5.219980239868164
3.990891695022583
6.675819635391235
1.221574068069458
1.232759952545166
1.8664319515228271
1.2625389099121094
1.5232713222503662
1.0165960788726807
5.475512266159058
1.3020756244659424
1.0350208282470703
11.01504135131836
2.300130605697632
5.631600379943848
6.123459339141846
3.7601587772369385
3.1693034172058105
1.1359217166900635
3.0265417098999023
1.475006341934204
3.3193933963775635
1.4052770137786865
1.7659175395965576
1.7025818824768066
11.198868751525879
0.834697961807251
1.3759372234344482
1.3127720355987549
1.0942034721374512
1.3941233158111572
4.65664529800415
1.444793939590454
4.122987508773804
2.0484750270843506
1.9708595275878906
2.148331880569458
1.1341512203216553
10.966580152511597
1.4894351959228516
1.8839142322540283
1.7612922191619873
1.0547642707824707
1.6970219612121582
0.9416251182556152
1.6186211109161377
1.197479486465454
6.997194051742554
2.2413268089294434
5.543856382369995
0.9797463417053223
1.2352008819580078
0.47324132919311523
0.865424633026123
2.1268696784973145
1.7786736488342285
1.1305322647094727
1.1650831699371338
1.1995863914489746
