22.079749584197998
41.53293991088867
24.827841758728027
29.844008684158325
35.99102258682251
25.879436016082764
23.22610640525818
37.480225563049316
28.12281036376953
24.718404293060303
44.62311291694641
10.79127812385559
45.71153163909912
55.08652639389038
10.229789972305298
33.300020933151245
34.314319133758545
21.562570333480835
26.82074737548828
35.27570986747742
32.187546491622925
4.911258935928345
26.738208532333374
24.7342472076416
79.83692502975464
50.78395700454712
33.95955157279968
19.3729567527771
39.572373151779175
30.99004077911377
31.386561155319214
18.11100435256958
82.6845166683197
50.22626781463623
14.650872468948364
26.251758575439453
20.856707096099854
9.767817497253418
23.96512770652771
17.964083433151245
56.55457949638367
22.28662419319153
18.350961923599243
47.24792146682739
8.29804015159607
15.536896228790283
101.98536109924316
12.162236452102661
29.811822414398193
66.47256135940552
15.170859336853027
21.630048990249634
28.525974988937378
12.559162378311157
8.994547128677368
21.52739143371582
55.563156843185425
31.319937467575073
67.43797659873962
26.185361623764038
55.567440032958984
31.402045011520386
44.194013357162476
40.94912815093994
24.161682844161987
74.89046168327332
27.933116912841797
30.34877061843872
35.366843461990356
29.39190673828125
110.93721342086792
30.41542673110962
29.851107597351074
41.071640729904175
49.75487232208252
48.517221212387085
52.16072201728821
39.25539588928223
32.6836359500885
34.65699124336243
20.27836012840271
20.04859209060669
22.03440761566162
26.492234468460083
95.64232158660889
40.03472018241882
26.640297174453735
41.67824363708496
38.92271828651428
45.179757595062256
21.7374746799469
56.64582276344299
23.729265689849854
27.972465753555298
24.786293029785156
26.589266061782837
26.690425872802734
35.68325114250183
31.38609790802002
26.182337999343872
30.56145215034485
25.952869415283203
87.44687104225159
47.90150690078735
54.36239695549011
30.836961269378662
25.51935315132141
68.76202034950256
18.68703556060791
19.28451371192932
60.57988500595093
27.186042308807373
21.987443923950195
23.589776754379272
21.360916137695312
23.018109798431396
39.02697134017944
27.989762544631958
31.741058111190796
40.31757569313049
20.35290813446045
37.974634885787964
16.869378566741943
26.536511182785034
22.48272728919983
33.844961166381836
25.231030702590942
30.6636745929718
28.46526861190796
33.175925731658936
31.184178113937378
18.077576637268066
43.00962996482849
45.468716859817505
38.10784959793091
41.72732377052307
23.888761043548584
18.311158418655396
21.61964774131775
24.826009035110474
28.297086238861084
41.53514790534973
22.941375017166138
94.69532608985901
19.552114009857178
35.13793992996216
36.26479959487915
36.78150725364685
25.168336391448975
32.00376224517822
27.94902467727661
56.554396629333496
35.87924075126648
44.86040186882019
23.557994604110718
28.500514268875122
29.538108587265015
33.46716642379761
37.13273334503174
23.70587134361267
39.34847331047058
48.954994201660156
36.08374524116516
33.80053400993347
30.74187994003296
22.64226794242859
23.826541662216187
32.681124210357666
93.13097786903381
14.878621339797974
71.12365078926086
49.53762078285217
32.58606457710266
26.311707973480225
41.12565636634827
27.88508176803589
20.048882007598877
29.741394996643066
42.33773946762085
52.473857402801514
26.452393054962158
30.721766471862793
24.906774282455444
24.241076469421387
44.41443848609924
19.131335496902466
30.541242361068726
22.272023677825928
38.70693778991699
43.18876099586487
43.28825664520264
59.12847852706909
64.32119131088257
33.16160583496094
24.322969675064087
28.50474452972412
22.672977685928345
31.165076971054077
27.971247673034668
59.367159605026245
97.94904375076294
58.90724730491638
39.922720432281494
23.478450059890747
43.70668649673462
76.55546379089355
21.80786371231079
36.53795003890991
18.834051609039307
37.927788734436035
35.91521239280701
34.16606330871582
32.68537497520447
34.4394166469574
33.40362620353699
31.89715313911438
35.678486347198486
36.808268308639526
58.98466777801514
36.79972195625305
30.24832510948181
31.836291313171387
32.70474290847778
27.055598258972168
22.720977067947388
23.509334802627563
25.062488317489624
102.74198317527771
40.58126497268677
97.4149169921875
73.00628805160522
91.0332522392273
24.74508047103882
81.03714871406555
33.02919912338257
29.138086557388306
74.05245423316956
22.993648290634155
91.13366293907166
22.126163005828857
33.32647180557251
32.62613248825073
36.57316994667053
44.151896238327026
21.58165431022644
45.856425762176514
33.568750858306885
27.83561944961548
28.959190607070923
21.74027442932129
37.17228293418884
82.57739663124084
36.95970678329468
28.379359006881714
40.016406536102295
18.829312086105347
105.96787333488464
22.150726556777954
32.62518000602722
31.587536573410034
29.06880259513855
24.03712296485901
25.026061534881592
21.013567686080933
32.71340203285217
61.20725727081299
25.296606302261353
21.33181381225586
84.14522886276245
40.37196183204651
37.97280168533325
82.35916423797607
32.454400300979614
102.3927276134491
20.75696849822998
83.2073962688446
23.70737361907959
35.71143674850464
31.368678092956543
108.9108395576477
85.70825028419495
24.08668065071106
77.37823152542114
24.69301176071167
49.22663187980652
31.314889669418335
28.22802448272705
32.25335335731506
22.9500515460968
30.679916620254517
96.70655083656311
23.031824588775635
26.10755443572998
32.94499135017395
53.0384566783905
37.6167254447937
23.5895893573761
27.931198358535767
23.014668941497803
29.474809646606445
