2.596320390701294
2.863250255584717
5.112042665481567
7.663509368896484
1.8998141288757324
7.892680644989014
2.5294291973114014
8.224536657333374
7.898432016372681
8.607035398483276
8.667448282241821
1.9421920776367188
4.657173156738281
5.545370101928711
1.4943747520446777
7.003293752670288
8.538090229034424
7.322280406951904
5.72522234916687
7.592321872711182
8.824162721633911
2.0772624015808105
6.461058855056763
6.424319505691528
10.316516876220703
6.948520660400391
6.851759672164917
1.0239789485931396
5.5116071701049805
7.646054029464722
7.410529136657715
7.212722539901733
11.183190822601318
6.621847629547119
8.158966779708862
5.985018968582153
7.368990182876587
1.9649393558502197
11.454490423202515
8.975398302078247
2.609945058822632
2.1434128284454346
1.9319076538085938
11.93703007698059
2.064582586288452
9.392914056777954
11.734736204147339
7.105491638183594
6.477987051010132
7.8149333000183105
4.83870530128479
7.568844318389893
8.303184032440186
6.275285959243774
3.143441677093506
7.255902290344238
14.192564249038696
6.7443671226501465
6.802653789520264
1.8557543754577637
8.596567869186401
2.810525417327881
1.341820478439331
9.589002132415771
7.656377792358398
10.346575021743774
5.863434553146362
6.354568004608154
8.829216241836548
5.892387390136719
7.665282249450684
7.869463682174683
1.3619091510772705
7.348771095275879
8.649043798446655
7.782804489135742
7.539666175842285
5.963226556777954
8.732434511184692
9.540801763534546
1.5714807510375977
2.8773193359375
1.4425935745239258
4.853813648223877
1.0863564014434814
7.8104400634765625
7.965658664703369
1.9363117218017578
2.132152795791626
7.93626594543457
1.1986548900604248
6.588690757751465
1.7029714584350586
6.8256096839904785
5.863836288452148
6.745765924453735
1.6917459964752197
2.051553726196289
6.73518705368042
5.424261808395386
13.110126495361328
9.673476457595825
6.441338062286377
7.322352409362793
6.305664777755737
5.7004194259643555
5.530628681182861
5.038607835769653
5.757524013519287
1.4904348850250244
1.9875810146331787
5.391074895858765
5.8910441398620605
5.817680835723877
7.5311057567596436
6.0783116817474365
6.639999151229858
6.280411720275879
7.111184358596802
5.465817928314209
1.5524544715881348
1.622718095779419
8.610247611999512
1.7601995468139648
1.7303242683410645
7.846312046051025
8.229209661483765
6.282352447509766
6.335270166397095
2.2734498977661133
12.477081060409546
2.4419162273406982
12.242753982543945
2.5591742992401123
7.192924737930298
6.674390077590942
1.1973624229431152
1.6879425048828125
2.4353108406066895
6.055994987487793
5.991910696029663
5.967827081680298
5.500946283340454
7.132359981536865
2.3842480182647705
5.165826797485352
7.364282846450806
5.055497646331787
1.767836093902588
6.13427996635437
5.795784950256348
7.301125764846802
7.522509336471558
2.1563143730163574
3.0868842601776123
1.4851622581481934
4.922465562820435
5.543607711791992
6.516176462173462
1.7571525573730469
6.117962598800659
6.611859321594238
2.059835195541382
5.955278396606445
10.094527244567871
1.2057890892028809
2.8178749084472656
8.254454135894775
8.699339151382446
1.9322454929351807
1.5054810047149658
6.965378999710083
5.183752775192261
1.5703959465026855
7.864551544189453
1.7514991760253906
2.2373809814453125
5.639837741851807
6.578833818435669
7.935474634170532
5.641099452972412
9.749989986419678
1.076545238494873
7.488198518753052
6.919138431549072
2.1586270332336426
9.802975177764893
4.350134611129761
6.217148780822754
1.5613985061645508
6.2690417766571045
1.3107786178588867
8.415830135345459
7.49498438835144
4.852792501449585
5.68143630027771
6.301117658615112
6.451391220092773
8.497865200042725
7.514864206314087
9.984156847000122
6.588698387145996
1.37974214553833
2.1396420001983643
9.867931604385376
6.238239049911499
7.1585540771484375
5.830587148666382
1.7466826438903809
1.9706284999847412
9.616225719451904
5.946173429489136
9.177443981170654
1.995229721069336
8.494513511657715
7.2782909870147705
8.960580825805664
6.280254602432251
5.769625902175903
11.76360559463501
1.5733466148376465
6.168370723724365
6.449345827102661
5.737713813781738
1.4902839660644531
1.0233569145202637
5.401638031005859
5.9885780811309814
6.611102104187012
6.591541290283203
5.401824474334717
6.611687183380127
1.3676226139068604
7.711917877197266
6.07368540763855
6.9332709312438965
6.555240869522095
6.734489917755127
5.784478187561035
5.024979829788208
6.077890396118164
6.139556884765625
4.635367155075073
6.015831708908081
2.0382561683654785
4.674736738204956
5.396602153778076
1.2910466194152832
6.476535320281982
6.238301753997803
5.835496187210083
5.734452247619629
5.169399976730347
5.074070930480957
1.8362243175506592
1.7545318603515625
5.8661088943481445
6.514511346817017
5.978015184402466
6.061992883682251
5.898412704467773
4.983617782592773
2.55894136428833
1.6860895156860352
5.768085718154907
5.3640830516815186
5.177624225616455
2.0245935916900635
7.043990135192871
5.60905647277832
6.358274698257446
7.250848054885864
6.0424864292144775
6.823106527328491
1.5253958702087402
6.13348126411438
7.54095983505249
6.715965032577515
4.709590673446655
5.8131890296936035
10.294968605041504
2.073071241378784
2.508240222930908
5.661926507949829
1.5413899421691895
5.888700723648071
4.673669099807739
5.387433290481567
5.9668498039245605
5.683619737625122
5.076195955276489
5.190582275390625
7.063361644744873
5.502894163131714
1.5610032081604004
6.144751071929932
1.2989435195922852
6.101402759552002
5.042897939682007
5.665021181106567
