8.980002164840698
30.329086542129517
10.146130323410034
13.866204738616943
16.46335744857788
12.730862617492676
13.283241510391235
8.522884845733643
10.597672462463379
10.31792688369751
14.323424100875854
8.545104503631592
18.05933713912964
9.667367219924927
13.259838819503784
14.306095123291016
14.419168949127197
12.508776903152466
9.07652997970581
21.161860942840576
14.70720386505127
9.508618593215942
12.982109308242798
14.767317771911621
15.951863765716553
15.720118284225464
10.238192796707153
13.644052982330322
17.844722986221313
10.24220061302185
11.120237827301025
12.091610670089722
17.041695833206177
13.669977188110352
12.496363639831543
14.457090377807617
28.07829976081848
12.634229898452759
18.710636138916016
14.012955904006958
13.365295886993408
11.802114248275757
10.13228154182434
11.506112337112427
6.541555881500244
12.48151969909668
10.084287405014038
13.249540090560913
14.942010641098022
11.755810260772705
11.633628368377686
13.085819721221924
10.774989128112793
9.301965475082397
10.730549812316895
13.255626201629639
20.362436294555664
13.068648338317871
10.586698770523071
10.403111696243286
13.971054315567017
13.431591510772705
5.2999107837677
11.612436532974243
14.944688558578491
11.11224913597107
12.887556791305542
15.23142385482788
12.891095638275146
13.91696810722351
14.898099422454834
16.34190797805786
10.41102147102356
15.04360556602478
11.301612854003906
11.101934432983398
13.086451530456543
15.889614582061768
13.769837141036987
14.235728979110718
28.076459407806396
14.557305812835693
12.300928115844727
14.292679071426392
13.97247838973999
15.506276845932007
14.650104284286499
15.127068996429443
13.066905498504639
11.129051923751831
10.30064082145691
14.46334171295166
10.409065008163452
12.191621541976929
15.647854089736938
12.27630090713501
11.96899151802063
14.17713212966919
17.832226991653442
13.088762521743774
10.21775484085083
17.27753186225891
9.875086069107056
9.872314214706421
14.664783000946045
16.564345836639404
14.352821111679077
10.989586591720581
15.52051067352295
9.959323644638062
16.011472940444946
12.787038803100586
14.191951036453247
11.053683996200562
15.428703546524048
14.05203890800476
11.109995126724243
12.097493171691895
11.754562616348267
17.13849401473999
9.128051042556763
7.61583399772644
12.769355535507202
11.099348783493042
7.965367078781128
16.63690972328186
13.371434926986694
13.726075887680054
11.798375129699707
25.71270489692688
10.542352199554443
13.757124185562134
20.63095998764038
15.173774719238281
14.064947843551636
14.193821668624878
12.66083312034607
11.830188274383545
13.298123836517334
11.33779501914978
14.291792392730713
12.162423849105835
16.43325138092041
12.77283239364624
8.91093397140503
14.915605783462524
13.034847259521484
13.134173154830933
10.949994325637817
15.099367141723633
12.9603853225708
11.584976434707642
16.809783458709717
11.386765956878662
11.296793222427368
13.837471723556519
12.674138069152832
12.848233938217163
10.870851039886475
8.48475956916809
12.90737771987915
13.696677923202515
11.541172742843628
14.138251543045044
18.837974309921265
10.207398414611816
11.555887937545776
12.629146575927734
9.951443195343018
12.595340728759766
12.135470867156982
16.14724373817444
12.760177850723267
12.071826219558716
22.81756019592285
15.256275415420532
13.030027866363525
12.732872009277344
14.901283502578735
11.608431816101074
14.09296178817749
12.943521976470947
9.744122505187988
14.550622940063477
12.21247124671936
7.979143142700195
11.37199091911316
15.083310842514038
10.432046175003052
23.74013042449951
12.091782093048096
16.221065521240234
14.80812406539917
10.584158420562744
15.770626068115234
13.189289569854736
11.971525430679321
14.892950296401978
15.964494466781616
13.315923929214478
13.474784135818481
13.495111465454102
8.230584621429443
14.005892992019653
10.908921957015991
9.63947606086731
11.935940980911255
10.524232864379883
20.849865198135376
9.17381238937378
10.72793984413147
13.986787796020508
16.422524452209473
15.215684175491333
16.78174114227295
45.302405834198
27.940565586090088
15.592983484268188
12.449512243270874
21.153892993927002
18.86464810371399
16.19940447807312
12.608183145523071
14.448442459106445
11.63088607788086
10.009140968322754
12.13779067993164
13.954291582107544
12.79809284210205
9.74308967590332
16.01391625404358
11.870820999145508
12.682795763015747
14.108163833618164
14.919378519058228
15.691471338272095
14.901945114135742
13.88630223274231
16.237741708755493
9.265424728393555
12.570760488510132
12.940081596374512
13.8012375831604
12.403086185455322
14.445005416870117
15.949991464614868
15.551616668701172
5.407526731491089
15.73192834854126
8.991905450820923
15.51935076713562
19.17948889732361
16.800113201141357
17.372279405593872
13.670297145843506
12.375564098358154
18.685379028320312
14.776824951171875
17.090577602386475
13.80351996421814
12.695027351379395
13.258783340454102
12.990225076675415
10.95194697380066
13.213412284851074
13.752621173858643
14.875851392745972
12.513259410858154
14.320827960968018
14.731208562850952
16.833081245422363
19.339226007461548
12.488193035125732
38.17252802848816
10.569103240966797
14.490228176116943
25.498456239700317
13.03929352760315
10.91714072227478
13.74761700630188
16.21178913116455
13.571101903915405
9.392890214920044
13.808119058609009
27.582969665527344
14.01954984664917
13.182210683822632
9.86618423461914
12.729757070541382
11.81767225265503
13.330039501190186
10.596616744995117
11.510130167007446
12.633453845977783
7.433556795120239
9.528902530670166
12.492393493652344
11.422443151473999
13.997362852096558
13.289671421051025
