2.5571939945220947
5.102930068969727
2.6601340770721436
2.1128532886505127
1.767258644104004
2.5108749866485596
3.9222869873046875
3.3459980487823486
4.5021491050720215
2.8118138313293457
10.67810845375061
3.1673548221588135
3.1213254928588867
3.014512062072754
2.13315749168396
2.3036692142486572
2.2364749908447266
3.669987916946411
1.7535216808319092
6.968101739883423
11.448067665100098
4.473011493682861
2.0961825847625732
6.2997212409973145
3.0293800830841064
4.147140979766846
2.193135976791382
2.1060264110565186
2.25394606590271
4.428265571594238
2.5817596912384033
2.441215991973877
11.702579259872437
2.465045213699341
1.7054405212402344
1.6986503601074219
2.593909502029419
2.468188762664795
9.845255374908447
1.908808708190918
2.744637966156006
3.4826371669769287
2.671231269836426
1.3682518005371094
3.4749605655670166
10.80666995048523
2.8112435340881348
2.2197105884552
2.113006591796875
2.1953697204589844
1.2498466968536377
5.4843738079071045
10.818765878677368
1.583723545074463
2.513089418411255
1.4310245513916016
16.567856311798096
1.509441614151001
2.0009782314300537
1.4445946216583252
6.936008453369141
11.276007175445557
2.0549185276031494
8.342920303344727
1.962496280670166
10.497253179550171
1.8191423416137695
2.358240842819214
8.587543487548828
1.998274564743042
12.8530912399292
28.37033987045288
2.9745349884033203
2.3787596225738525
3.1265957355499268
2.4383182525634766
2.4405786991119385
2.9986069202423096
2.4468600749969482
2.971754550933838
4.568484306335449
4.711163520812988
3.0600955486297607
2.024837017059326
6.444081783294678
3.88114333152771
2.3679516315460205
9.23915696144104
2.5217275619506836
1.6203999519348145
1.715301752090454
1.9965310096740723
2.439305305480957
9.457760572433472
4.7014055252075195
3.7407426834106445
3.545151472091675
2.996310234069824
7.5534632205963135
1.546480417251587
2.099315881729126
2.548313617706299
5.790517807006836
2.50803804397583
1.8736779689788818
3.8649380207061768
4.966590404510498
1.649247169494629
6.504880428314209
1.4104838371276855
2.4096145629882812
2.9127743244171143
3.847900152206421
40.48388051986694
3.534625291824341
4.957374811172485
2.4892544746398926
3.0182085037231445
11.66554307937622
1.3087468147277832
1.7620019912719727
1.8079895973205566
2.0688793659210205
4.820568799972534
3.0197832584381104
5.339975118637085
14.34963059425354
9.937354564666748
4.064702987670898
6.373772859573364
21.958988666534424
4.007529020309448
12.533490180969238
4.181390762329102
2.4152297973632812
8.889939069747925
2.014570951461792
2.460662841796875
2.2539145946502686
2.2509002685546875
3.024623394012451
1.7022294998168945
3.488179922103882
22.185320138931274
2.643428087234497
1.8343744277954102
23.490243196487427
2.135909080505371
1.8821892738342285
7.965195655822754
2.233361005783081
4.084601640701294
22.548086404800415
3.9336135387420654
1.9798948764801025
1.675553321838379
3.554810047149658
1.7197401523590088
2.533046245574951
3.3152341842651367
4.147394895553589
2.7830967903137207
1.7063977718353271
2.4500882625579834
5.82595157623291
1.666630744934082
1.6940560340881348
1.9833729267120361
13.437531232833862
2.0152249336242676
2.4117329120635986
2.1447105407714844
4.514663934707642
3.4846746921539307
3.767845392227173
8.095930814743042
3.8450927734375
2.4566547870635986
4.3662331104278564
4.912301540374756
7.3805224895477295
3.554849863052368
2.0830225944519043
2.0177016258239746
2.0307044982910156
5.125004529953003
7.614943265914917
2.852879285812378
1.989811658859253
1.7844812870025635
1.4153389930725098
2.3351731300354004
2.1794958114624023
4.812167167663574
1.8675172328948975
4.67038893699646
1.8260993957519531
2.5957820415496826
12.927574872970581
10.203346014022827
30.975090742111206
4.433089971542358
7.7463698387146
5.313174724578857
3.8450002670288086
2.105351209640503
2.162468433380127
8.159438133239746
3.8623578548431396
2.871333360671997
8.183903217315674
4.381977319717407
28.77390480041504
2.2601733207702637
2.273725986480713
2.45066499710083
2.6131019592285156
9.086633205413818
1.685652494430542
28.21454358100891
1.5567641258239746
1.753756046295166
2.718614101409912
2.222480297088623
2.4530222415924072
1.919734239578247
2.3454699516296387
2.1584811210632324
2.533052921295166
1.6491055488586426
4.369555473327637
2.3584818840026855
2.598062753677368
2.6543707847595215
2.073180913925171
9.838581323623657
2.62878680229187
1.9997568130493164
3.576333522796631
1.596059799194336
1.8029134273529053
4.823524713516235
1.8536407947540283
1.705174446105957
2.405486822128296
1.7132692337036133
2.9798951148986816
2.1577351093292236
8.2363121509552
1.4000053405761719
2.230056047439575
2.0625014305114746
4.011049747467041
5.686198711395264
2.060265064239502
1.7689058780670166
8.383795499801636
27.800154447555542
2.5723559856414795
3.7094435691833496
2.4745359420776367
2.5409204959869385
1.6581640243530273
2.2579963207244873
1.1229848861694336
4.954259395599365
23.996925592422485
1.9384088516235352
8.75900673866272
2.278395652770996
1.8688299655914307
3.484544038772583
1.9844391345977783
12.86528468132019
2.0510127544403076
3.741039752960205
21.445743322372437
2.574153423309326
4.692809343338013
1.5027337074279785
20.018733978271484
10.245538711547852
15.714897155761719
2.070124387741089
3.079106569290161
3.0540518760681152
11.829655170440674
25.967738389968872
2.120591163635254
17.07927417755127
15.437956094741821
16.489054203033447
2.441917657852173
1.3925750255584717
7.606192350387573
11.086053609848022
2.583096742630005
1.6228508949279785
12.784858226776123
6.094324111938477
