2.856638193130493
98.21347975730896
97.53629112243652
114.90772366523743
25.34601140022278
18.448692798614502
109.972482919693
26.0521080493927
31.58659315109253
23.50460720062256
39.01121282577515
18.291237354278564
22.245102405548096
38.97333383560181
119.7563693523407
36.73937129974365
2.574681282043457
39.5325129032135
98.80650806427002
77.3128890991211
29.876647472381592
25.438536167144775
36.68273210525513
26.48347568511963
11.628369092941284
15.836858987808228
2.2590794563293457
22.04982614517212
33.79403853416443
86.0601634979248
24.30503821372986
21.307713985443115
18.96364665031433
73.21930360794067
1.9705452919006348
90.21109867095947
27.757657051086426
19.174628973007202
19.49598240852356
3.327847957611084
107.39715051651001
83.50709700584412
36.50843954086304
34.11403465270996
81.48602962493896
24.238943338394165
18.201788902282715
29.11356019973755
2.1588597297668457
24.82733964920044
30.223163604736328
33.0009982585907
24.852322101593018
18.84394860267639
31.831966638565063
30.491825103759766
14.999016046524048
12.44579005241394
58.1640522480011
94.62250423431396
72.68117380142212
20.665114164352417
17.470306873321533
2.3073906898498535
2.7859303951263428
26.049508094787598
6.289252042770386
38.722692012786865
24.930662631988525
23.75556206703186
23.902233123779297
95.85561227798462
29.214730978012085
18.84689736366272
23.563377380371094
67.04251503944397
21.655200004577637
15.123944282531738
104.20510196685791
43.51297187805176
29.454079627990723
40.98850965499878
36.7292640209198
22.29400324821472
31.97601056098938
28.535024881362915
2.576308250427246
2.1224427223205566
29.293633699417114
2.0358989238739014
25.395825624465942
37.28364396095276
16.30890965461731
92.66248798370361
24.889140605926514
23.611807823181152
7.882530927658081
62.15176606178284
107.53665399551392
79.51948571205139
