2.8178131580352783
22.265080213546753
19.81673288345337
15.886167526245117
10.839478731155396
11.133832693099976
14.460350513458252
13.981868743896484
15.473265409469604
9.142262935638428
27.2708420753479
18.21498131752014
8.485504150390625
32.645174980163574
24.818442821502686
17.61832857131958
3.161522388458252
17.759937286376953
25.897445678710938
23.496927976608276
13.021631479263306
21.081104040145874
15.75137734413147
18.019402265548706
13.290916204452515
10.84422779083252
6.325661659240723
50.330406188964844
15.732227087020874
35.35344958305359
20.92888832092285
13.04733395576477
12.997468948364258
16.26184892654419
3.643150806427002
12.801062822341919
33.28399181365967
11.110716581344604
41.7055983543396
10.14699387550354
21.909988403320312
12.199622869491577
27.110613107681274
43.81484580039978
24.071414470672607
11.74285340309143
6.604193449020386
17.9223849773407
5.456499338150024
15.578427076339722
28.419739246368408
38.745702505111694
18.071940183639526
14.651939868927002
28.39673900604248
21.89946484565735
8.593222856521606
9.198848247528076
8.129576921463013
27.56161904335022
21.300660371780396
10.797901391983032
12.479987382888794
7.72318696975708
3.131974935531616
16.82955265045166
7.693800687789917
27.22646975517273
14.173373222351074
24.808624982833862
16.683520317077637
15.952971458435059
12.949352264404297
15.713091135025024
10.840339422225952
15.976845502853394
9.92470908164978
9.2838876247406
14.663536548614502
21.702224493026733
10.611438989639282
61.617192029953
43.74954032897949
12.923598766326904
19.64583110809326
16.602832317352295
2.541541576385498
3.8387691974639893
43.28428530693054
1.9265050888061523
17.41455912590027
53.02330803871155
11.329953908920288
13.208917379379272
21.32116460800171
16.336207628250122
10.356544256210327
45.198243856430054
25.055306434631348
8.696341514587402
