2.6102187633514404
41.98762559890747
27.451334714889526
63.15293526649475
10.852113723754883
39.05571746826172
51.66615319252014
31.82374858856201
28.72742533683777
47.89949345588684
18.740312576293945
19.43890690803528
12.667062520980835
80.04260230064392
76.58314967155457
33.17136907577515
3.7647578716278076
33.9295654296875
15.86972427368164
34.531665325164795
13.89621877670288
50.76541590690613
34.69219183921814
53.24961853027344
9.372663974761963
12.71335506439209
2.8350112438201904
54.34469413757324
16.102119207382202
48.24875473976135
16.871391773223877
35.99963140487671
52.79812240600586
35.854398012161255
2.094109296798706
14.807898759841919
81.25200891494751
31.929543256759644
29.936575412750244
10.502992868423462
31.79015064239502
37.437013387680054
67.23747253417969
97.76847290992737
60.89843702316284
9.76658010482788
7.123214483261108
34.86360430717468
0.7880020141601562
13.739182710647583
65.91062545776367
60.252551555633545
14.843913555145264
56.00127100944519
49.95057773590088
29.37199068069458
10.072028398513794
9.075735807418823
12.059646368026733
89.82217049598694
11.422126770019531
27.948745727539062
10.713022708892822
3.7191522121429443
4.863827466964722
57.661909103393555
2.586703062057495
65.5665590763092
17.512414693832397
70.16942524909973
66.11089754104614
31.93233609199524
42.68918251991272
34.87674522399902
47.54618811607361
16.517343044281006
10.551966428756714
8.596113681793213
40.23356628417969
82.55044746398926
12.035622358322144
30.32917094230652
83.59908080101013
22.55347967147827
83.21862983703613
18.886571884155273
3.448809862136841
3.4676003456115723
28.41605257987976
7.403412818908691
54.15615749359131
66.62223529815674
31.96245050430298
31.046284437179565
18.986513376235962
18.213146924972534
6.043460845947266
42.52190613746643
33.51308798789978
11.369158267974854
