4.190706014633179
7.774953365325928
2.651026487350464
1.3386931419372559
4.749853849411011
3.0545129776000977
4.48350715637207
5.056671857833862
4.61881160736084
6.319599390029907
2.058936357498169
2.9120419025421143
3.992037296295166
8.87984323501587
4.144968271255493
8.62318730354309
5.087812423706055
4.1728949546813965
5.1023125648498535
1.5544381141662598
3.25854229927063
5.7464494705200195
0.7535786628723145
7.171785116195679
6.24527907371521
9.716763257980347
7.663260459899902
3.208327293395996
6.690884351730347
0.9740445613861084
3.6909892559051514
4.493535280227661
5.573361158370972
5.143385410308838
5.30561900138855
2.6424756050109863
7.782417297363281
2.377596139907837
4.813549280166626
0.6603984832763672
6.3721747398376465
4.165998458862305
2.1212289333343506
4.046985387802124
0.7838966846466064
2.635991096496582
2.8092260360717773
3.15520977973938
0.7845001220703125
3.9883697032928467
2.852313995361328
1.068532943725586
3.8071601390838623
1.936574935913086
3.1888625621795654
3.7240331172943115
4.796942472457886
3.938937187194824
2.869628667831421
4.783736705780029
3.5130693912506104
4.8502867221832275
6.6544508934021
3.1977784633636475
4.620157718658447
4.1784279346466064
2.724965810775757
3.4739110469818115
0.8222062587738037
1.0014986991882324
1.0511114597320557
8.790827512741089
5.461791038513184
4.73898983001709
1.1797435283660889
3.698890209197998
1.058835506439209
8.494276285171509
4.038209915161133
3.3814947605133057
4.6676342487335205
6.398772716522217
0.8091182708740234
7.191871404647827
7.050401210784912
5.2587668895721436
9.63755178451538
0.9775223731994629
3.368854522705078
2.404773473739624
0.7806718349456787
0.8701224327087402
2.055084705352783
0.8567936420440674
11.157731533050537
4.298121213912964
6.089062929153442
1.2851431369781494
1.170891284942627
8.184618711471558
8.161968469619751
6.453985214233398
4.91046404838562
9.387359380722046
4.116053581237793
4.626805067062378
3.713365077972412
3.4999072551727295
4.322210788726807
5.346273183822632
3.0840952396392822
2.5419349670410156
3.7235069274902344
5.27026891708374
4.2356438636779785
7.924738645553589
3.0824942588806152
7.397552490234375
6.309522867202759
1.9181692600250244
3.3054733276367188
2.805453062057495
3.7802317142486572
1.134964942932129
7.939682722091675
5.36225700378418
7.7510154247283936
4.230020999908447
2.663938522338867
3.112210988998413
0.8598761558532715
10.830999374389648
0.977628231048584
5.278500080108643
2.5784554481506348
2.1578400135040283
1.2203090190887451
5.347621202468872
7.809086799621582
3.8629143238067627
2.3165695667266846
3.2297096252441406
8.020670890808105
4.900777578353882
2.315894603729248
3.1375041007995605
3.995004892349243
0.8208057880401611
4.365946054458618
4.4008095264434814
5.365682363510132
7.7547101974487305
1.0469796657562256
5.832280158996582
5.157682418823242
1.4324207305908203
0.8729360103607178
5.038076162338257
6.21996545791626
3.77647066116333
3.7311930656433105
9.436493158340454
3.5653934478759766
1.4579741954803467
3.2161691188812256
5.543630123138428
4.299901723861694
1.0156667232513428
5.135260820388794
5.225985288619995
2.999756336212158
1.9936580657958984
2.941061019897461
4.202859163284302
3.140371322631836
3.544379711151123
7.649471282958984
10.806991577148438
5.517587184906006
1.4429535865783691
3.3079116344451904
6.320945978164673
4.939570665359497
5.195374488830566
1.2641308307647705
1.4829692840576172
4.202200889587402
3.333055019378662
7.385164737701416
2.5128214359283447
5.7451393604278564
3.4282264709472656
4.193141937255859
3.368896007537842
6.0800535678863525
3.543748378753662
3.3952932357788086
3.2255313396453857
5.298213243484497
3.052671194076538
4.028215646743774
4.369017839431763
5.041460752487183
0.6317629814147949
6.999707221984863
10.992875337600708
8.64492416381836
8.540505409240723
1.1680073738098145
2.8856558799743652
3.173369884490967
5.703855514526367
5.358521223068237
8.640196561813354
3.0532143115997314
1.712928056716919
2.546844720840454
2.5743935108184814
6.172552108764648
10.983255386352539
5.7113730907440186
8.921682596206665
6.757480621337891
2.4344279766082764
3.3069162368774414
8.243689060211182
5.682582139968872
1.5791633129119873
1.2252109050750732
3.090271472930908
2.4737298488616943
4.04380989074707
3.1178319454193115
10.899773836135864
6.185649156570435
3.527101993560791
3.8572800159454346
1.2163865566253662
4.2560529708862305
3.5682218074798584
6.860796213150024
10.863238096237183
2.4180071353912354
6.431391716003418
9.092172384262085
4.595235109329224
9.38326358795166
3.7247869968414307
4.0446929931640625
3.6991126537323
8.524657249450684
1.3582613468170166
7.8021464347839355
5.449843645095825
5.751868724822998
4.467435359954834
2.6543424129486084
5.397733211517334
4.273542165756226
10.829523086547852
8.509038209915161
4.09522819519043
4.709239959716797
4.279829978942871
6.048912763595581
1.3050389289855957
6.092658758163452
3.4959144592285156
3.7528879642486572
2.7441511154174805
3.155336856842041
3.807802438735962
4.353557109832764
1.3729445934295654
2.898430109024048
3.988831043243408
4.213241100311279
3.7873613834381104
3.1579182147979736
2.510935068130493
3.577965497970581
6.409379482269287
6.576061010360718
2.6340160369873047
5.858342885971069
3.062930107116699
0.7843470573425293
3.04425311088562
4.739788770675659
7.239801406860352
3.952727794647217
3.756730556488037
3.4355461597442627
1.190894603729248
7.002573013305664
3.8467559814453125
2.615131378173828
4.006819248199463
3.655258893966675
6.524003505706787
