1.7053592205047607
0.15032529830932617
0.7980022430419922
0.7728562355041504
0.6247677803039551
0.6619548797607422
0.5793421268463135
1.7386105060577393
0.742267370223999
1.592724323272705
0.6028256416320801
0.42716097831726074
1.1670572757720947
0.7165837287902832
0.7875802516937256
0.9649083614349365
0.24879145622253418
0.52978515625
0.5477325916290283
0.5748705863952637
0.1579122543334961
1.6048228740692139
0.6081798076629639
2.4985263347625732
0.8466677665710449
1.5714302062988281
0.17158913612365723
0.39472198486328125
0.5769414901733398
0.7953486442565918
0.13981080055236816
0.698174238204956
1.1181468963623047
0.46764707565307617
0.7814152240753174
1.352482795715332
0.15577912330627441
0.514441728591919
0.49436450004577637
1.40932297706604
2.2785301208496094
0.9896805286407471
0.9644365310668945
0.12239384651184082
0.5592708587646484
0.7390110492706299
0.8047676086425781
1.4306950569152832
1.502232551574707
0.5054266452789307
0.9362869262695312
0.7015480995178223
1.9338476657867432
0.5986313819885254
0.5868360996246338
0.9083263874053955
0.6639301776885986
0.8594608306884766
0.6693015098571777
0.8249614238739014
0.996401309967041
1.243380069732666
0.5933177471160889
0.7202794551849365
0.9146173000335693
1.263073444366455
0.8143584728240967
0.7242228984832764
0.6037359237670898
0.6031777858734131
0.5567855834960938
0.573723316192627
1.3904321193695068
0.5758540630340576
0.5346603393554688
0.537653923034668
0.6068804264068604
1.4850502014160156
0.7347002029418945
0.5228686332702637
1.0023574829101562
0.22851181030273438
0.46183061599731445
1.612131118774414
0.2328333854675293
0.7149653434753418
0.5297119617462158
0.6290562152862549
0.25329089164733887
0.5142796039581299
0.5244874954223633
0.4525613784790039
0.5090768337249756
0.0795438289642334
0.40430450439453125
0.2516322135925293
0.8256287574768066
0.5032610893249512
0.6640141010284424
1.2040185928344727
0.9001040458679199
0.14918303489685059
0.791003942489624
1.7224972248077393
0.3274970054626465
0.7216207981109619
0.6596176624298096
0.7351317405700684
0.5674152374267578
0.6780705451965332
0.6622753143310547
1.283066987991333
0.6858792304992676
0.6448752880096436
0.8995139598846436
0.41428399085998535
0.5390114784240723
0.5904943943023682
0.9593110084533691
0.9360659122467041
0.6182453632354736
0.7991421222686768
0.6693470478057861
0.7687747478485107
9.485172271728516
1.5451428890228271
0.4698445796966553
0.8689846992492676
0.43177270889282227
0.5783774852752686
0.49576354026794434
0.4833810329437256
0.5354599952697754
0.8328695297241211
0.43881821632385254
0.9995086193084717
0.9393706321716309
0.5346593856811523
2.150880813598633
0.5854911804199219
1.7026245594024658
2.8390183448791504
0.846472978591919
0.7276351451873779
0.8674635887145996
0.7084178924560547
1.3944587707519531
0.28063464164733887
0.7546868324279785
1.4602339267730713
1.0859806537628174
0.725318431854248
0.842618465423584
0.7457447052001953
0.49527859687805176
0.744495153427124
0.59110426902771
0.5610651969909668
0.16145920753479004
0.7110698223114014
0.9482319355010986
1.0435280799865723
1.1742331981658936
0.8287754058837891
0.886760950088501
0.920905590057373
0.7150897979736328
0.5727689266204834
0.4738740921020508
1.475466251373291
0.9178953170776367
0.485184907913208
0.9963912963867188
0.6767032146453857
0.33325886726379395
0.7662150859832764
0.6152303218841553
1.4806418418884277
0.5698411464691162
0.5668272972106934
0.711010217666626
1.2701406478881836
0.993901252746582
1.7450661659240723
0.08263754844665527
0.581017017364502
0.8417956829071045
0.6143319606781006
0.8649642467498779
0.5177674293518066
0.6382153034210205
0.30266690254211426
0.5355966091156006
0.6829369068145752
0.8260624408721924
0.561187744140625
0.25434303283691406
0.3201918601989746
0.6605334281921387
0.5099589824676514
1.598942518234253
0.7423150539398193
10.143794298171997
0.6699841022491455
0.8573164939880371
0.6070141792297363
0.16600346565246582
0.11285400390625
0.17468571662902832
0.7772436141967773
0.7804887294769287
0.9025454521179199
0.2174057960510254
0.4951741695404053
1.3932082653045654
0.8308897018432617
0.4042229652404785
0.8574109077453613
0.7173597812652588
1.4795396327972412
0.8601527214050293
1.4390575885772705
1.270721435546875
1.111102819442749
0.9328036308288574
1.0234684944152832
0.7749361991882324
0.5706582069396973
0.37485527992248535
0.6269593238830566
1.2629668712615967
0.8135788440704346
0.29152798652648926
0.8028948307037354
2.110478639602661
0.80655837059021
0.2574269771575928
0.653301477432251
0.6649086475372314
0.5185186862945557
0.2088630199432373
1.194183349609375
0.5062839984893799
0.92399001121521
0.7065718173980713
0.4387490749359131
0.7396197319030762
1.0023832321166992
0.5415804386138916
1.2599754333496094
2.0863447189331055
0.5506103038787842
0.7309257984161377
0.807182788848877
0.7260527610778809
0.595360279083252
1.147047519683838
1.3005313873291016
0.8804969787597656
1.8094830513000488
1.1364467144012451
1.461498498916626
1.090790033340454
0.6244769096374512
0.5015573501586914
0.6001386642456055
1.4211039543151855
0.7569067478179932
0.6088380813598633
0.6812267303466797
2.1651103496551514
0.7060704231262207
0.6260921955108643
1.9759564399719238
0.2746315002441406
0.6915144920349121
0.4580271244049072
0.14737510681152344
0.6756749153137207
0.9179139137268066
0.5185527801513672
0.6328287124633789
0.5032169818878174
1.0052568912506104
0.4814281463623047
0.5315456390380859
0.2667996883392334
0.5958809852600098
1.0472540855407715
0.7009167671203613
0.7407114505767822
0.7809481620788574
0.5706181526184082
0.2615039348602295
0.5675747394561768
0.2012166976928711
0.5964055061340332
0.8290293216705322
0.5531406402587891
1.0058491230010986
