4.12804651260376
1.0184860229492188
5.172965049743652
2.3620688915252686
1.095010757446289
1.0440576076507568
1.1911258697509766
2.39278507232666
2.386373281478882
4.637357473373413
1.3252849578857422
0.8240184783935547
2.7150731086730957
4.275320529937744
3.697364091873169
6.497308731079102
4.083779335021973
0.743370771408081
5.911736726760864
4.375918388366699
1.2229597568511963
1.886540412902832
1.8473293781280518
5.578330755233765
1.0975401401519775
1.9214658737182617
3.0509212017059326
2.0304741859436035
1.3894774913787842
1.697108507156372
1.5229957103729248
2.901812791824341
0.9425086975097656
0.9003121852874756
6.992478609085083
2.398495674133301
6.9395692348480225
5.14467453956604
1.3264389038085938
1.645667314529419
6.854107856750488
0.8050456047058105
1.0245704650878906
1.1928927898406982
1.7416133880615234
1.4808282852172852
1.8322579860687256
1.0654170513153076
1.0511484146118164
3.5963175296783447
3.9034206867218018
4.433469295501709
4.414667367935181
4.506306171417236
4.249057769775391
3.236670732498169
4.395481824874878
4.08979344367981
4.315171957015991
3.811727523803711
3.1044604778289795
4.019433975219727
3.2301011085510254
4.846265077590942
3.538848638534546
5.163802146911621
3.950645923614502
5.022317886352539
1.8451175689697266
1.2155232429504395
1.123427152633667
4.260316610336304
1.0837078094482422
3.5021770000457764
2.33307147026062
3.7340760231018066
1.232212781906128
6.112888813018799
1.6819114685058594
1.0448024272918701
1.9744746685028076
4.59235143661499
2.375110149383545
2.4628264904022217
1.2496535778045654
2.40803861618042
4.176314830780029
1.465125322341919
0.9036717414855957
0.9435200691223145
0.8238253593444824
0.983675479888916
5.91376519203186
0.8170919418334961
0.963266134262085
1.1466567516326904
3.2707314491271973
1.2527761459350586
1.0754945278167725
2.6839873790740967
4.79839015007019
1.180551528930664
3.4687414169311523
4.2004618644714355
0.5359749794006348
3.4995675086975098
1.2258172035217285
3.5169003009796143
4.16013240814209
0.6403286457061768
1.796776294708252
3.7202982902526855
2.8379428386688232
3.4653334617614746
3.0065927505493164
0.7680461406707764
4.247593641281128
4.0755295753479
1.3171577453613281
3.6309311389923096
0.6735162734985352
3.7220067977905273
1.1643939018249512
1.429344892501831
6.841040849685669
1.2413439750671387
1.9736697673797607
1.4087550640106201
1.1632816791534424
4.094439744949341
2.5246315002441406
4.368910074234009
2.403275728225708
7.219537019729614
1.0024280548095703
1.0944271087646484
1.8202648162841797
0.7900972366333008
6.120564937591553
4.4929211139678955
1.0009617805480957
3.200706958770752
3.5822129249572754
1.7578470706939697
1.0929334163665771
3.8636891841888428
2.138239860534668
1.0406157970428467
1.1256451606750488
1.9527537822723389
1.7323596477508545
1.6910805702209473
1.2675378322601318
3.748074769973755
3.209298610687256
3.5032496452331543
2.650421142578125
4.4195311069488525
2.114166498184204
4.399613857269287
6.57110333442688
4.731192350387573
1.8222308158874512
4.514634132385254
1.6000757217407227
2.1842334270477295
1.2678518295288086
1.3048803806304932
3.711927890777588
4.986508846282959
4.306046009063721
1.5908641815185547
4.186222791671753
4.596357107162476
1.1202468872070312
2.9350974559783936
2.7992067337036133
3.479357957839966
1.7387189865112305
3.5266332626342773
2.5843706130981445
1.3315579891204834
1.0453922748565674
4.588827610015869
4.427311897277832
2.9108169078826904
3.4313719272613525
3.466508626937866
3.9138901233673096
2.2571489810943604
4.914188385009766
1.3379666805267334
2.900017738342285
2.264761209487915
0.8010296821594238
4.184504747390747
4.971607685089111
4.542458772659302
7.010661363601685
4.418898820877075
2.923536539077759
5.941573143005371
1.6542291641235352
0.5290868282318115
4.300371885299683
0.934781551361084
1.659411907196045
2.9571380615234375
3.145026445388794
4.977185010910034
2.9072728157043457
4.214124441146851
1.193969488143921
4.220193147659302
1.0392019748687744
1.2617213726043701
1.1811997890472412
4.1737940311431885
1.2970848083496094
1.3448355197906494
3.2755115032196045
7.979199409484863
4.589965343475342
2.0293455123901367
6.028058290481567
3.319833755493164
3.567650318145752
4.102332592010498
2.3499627113342285
2.2549614906311035
1.6105725765228271
3.7774579524993896
1.4891247749328613
2.2405145168304443
2.2500851154327393
3.0870120525360107
3.6397593021392822
4.447755575180054
4.1108715534210205
5.518367290496826
1.4128878116607666
7.273199796676636
1.028411626815796
3.6363790035247803
3.634862184524536
4.632520437240601
4.862584114074707
16.1442654132843
3.073373556137085
1.73964524269104
12.710237741470337
2.234510898590088
2.7076597213745117
4.263490200042725
0.764923095703125
2.034209728240967
4.750953912734985
2.930764675140381
5.2257399559021
2.0704171657562256
2.8677735328674316
2.4269940853118896
2.8455755710601807
3.077056407928467
3.3877644538879395
1.5597825050354004
2.3809120655059814
0.9227457046508789
4.9438581466674805
3.1060996055603027
2.8172414302825928
4.446077823638916
2.1877529621124268
5.037177085876465
2.915801763534546
3.6950736045837402
2.4243690967559814
2.8030757904052734
4.8465962409973145
2.940777540206909
5.476166248321533
3.395226240158081
0.9573607444763184
2.8502449989318848
3.3165459632873535
2.975342035293579
0.9284992218017578
1.8815672397613525
4.998257160186768
10.50336241722107
0.843695878982544
3.8277480602264404
2.8555538654327393
3.2240614891052246
4.088392496109009
0.6566002368927002
2.1869306564331055
2.9502294063568115
1.435286045074463
1.2317054271697998
