4.226771831512451
1.1330831050872803
5.90789270401001
2.0803213119506836
1.194981575012207
1.1864266395568848
1.206209421157837
4.285865068435669
2.0522303581237793
4.177062749862671
1.381392478942871
0.8897874355316162
3.063337564468384
4.518633842468262
3.4420480728149414
5.863154172897339
4.873839616775513
0.8584637641906738
3.2291622161865234
4.69127345085144
1.3034160137176514
1.843090534210205
3.827125072479248
5.813767433166504
1.0168952941894531
1.9840176105499268
7.942082643508911
1.8511154651641846
1.4077205657958984
1.7101523876190186
1.5382652282714844
3.17809796333313
1.0687177181243896
0.9189178943634033
5.317415475845337
2.567744016647339
7.790721893310547
4.90235161781311
1.2392170429229736
1.6693029403686523
5.771834850311279
0.9159450531005859
1.208486557006836
4.920289754867554
1.801466464996338
1.3856143951416016
1.9549806118011475
1.1546640396118164
1.0982487201690674
3.8720321655273438
3.9168388843536377
3.71891450881958
3.638671875
3.7662527561187744
3.9595985412597656
3.5226688385009766
3.4740357398986816
4.6209876537323
3.8798253536224365
5.105860471725464
4.892289876937866
3.1310784816741943
3.284994602203369
3.277909517288208
3.3361849784851074
4.705057144165039
4.893077611923218
3.6638455390930176
1.9266998767852783
1.2325549125671387
1.0972838401794434
4.72520899772644
1.056753158569336
1.6826667785644531
2.266111373901367
4.084737539291382
1.2784922122955322
4.977478265762329
2.3245534896850586
1.1492466926574707
1.487600564956665
8.796633958816528
2.53617262840271
2.0591957569122314
1.2618248462677002
4.040578365325928
3.0926008224487305
1.4383606910705566
0.9814581871032715
0.9747536182403564
0.8376219272613525
1.0272088050842285
2.943039655685425
0.8859748840332031
1.111227035522461
1.209535837173462
3.806234836578369
1.5138633251190186
1.1354444026947021
7.141902923583984
8.779185056686401
1.3158905506134033
5.1218531131744385
3.6439080238342285
0.5275344848632812
5.067884922027588
1.0922293663024902
2.2172064781188965
3.015698194503784
0.6581466197967529
1.7825984954833984
2.581268787384033
2.944251298904419
3.534836530685425
3.471879482269287
0.805614709854126
4.117993354797363
3.512834310531616
1.3396501541137695
4.322420358657837
2.4328675270080566
4.131358861923218
1.0796921253204346
1.456782341003418
8.203928232192993
1.3165910243988037
4.24294114112854
1.6243071556091309
1.2003581523895264
4.606438159942627
2.892406463623047
9.703721284866333
4.606993913650513
6.907973527908325
1.1575303077697754
2.1688733100891113
156.88435435295105
1.1627628803253174
9.179932594299316
7.665397644042969
4.578242301940918
4.055472135543823
8.154525995254517
2.4211251735687256
1.3845374584197998
6.323517322540283
3.4847347736358643
1.4071898460388184
2.0435967445373535
2.7686848640441895
2.8562331199645996
2.801445722579956
2.169431686401367
5.957804441452026
8.300697326660156
5.91334867477417
8.034090995788574
6.809559106826782
5.65686821937561
13.493412017822266
2.7518067359924316
6.946047782897949
2.297562837600708
11.73489761352539
2.7051656246185303
6.87595534324646
2.2824878692626953
1.7222692966461182
6.120739936828613
6.224921226501465
2.9937241077423096
2.762489080429077
8.497525215148926
10.812068223953247
1.7112128734588623
7.069291830062866
4.808130502700806
3.1130290031433105
3.5701401233673096
4.211010217666626
4.016324758529663
1.8588895797729492
1.5405309200286865
8.096180438995361
2.9983370304107666
5.037651777267456
5.9722654819488525
7.950385570526123
2.9001331329345703
3.763965129852295
7.2991931438446045
2.54996919631958
5.120706558227539
3.3541994094848633
1.5123796463012695
4.5130774974823
7.7553887367248535
6.895873546600342
8.575008153915405
3.507864236831665
3.1533539295196533
8.731613874435425
4.139347314834595
1.1575517654418945
15.443078756332397
4.256983995437622
6.833322048187256
3.5926640033721924
4.195616245269775
6.478073835372925
5.779758930206299
8.333396196365356
1.621260643005371
2.7256126403808594
1.3951952457427979
1.7027225494384766
1.720294713973999
5.337683439254761
1.7580211162567139
1.92669677734375
5.457199335098267
7.878564834594727
1.7781352996826172
5.838779449462891
9.132267951965332
6.782300710678101
3.8489186763763428
6.209795713424683
3.7092437744140625
3.3751890659332275
2.4720335006713867
8.1674063205719
2.327188730239868
7.902655601501465
7.530203580856323
4.760213613510132
12.71414566040039
7.439303398132324
6.041074752807617
6.2505857944488525
2.991881847381592
13.322311878204346
2.099921226501465
6.856024265289307
6.6119139194488525
7.328878164291382
6.539995193481445
5.018080234527588
8.743587732315063
2.3339221477508545
8.217490911483765
3.217935562133789
6.377790689468384
5.767246723175049
1.0537800788879395
10.40062689781189
9.468742370605469
20.845211505889893
3.2545268535614014
2.9327762126922607
5.842390775680542
4.6613523960113525
4.116391658782959
5.11678671836853
6.764677047729492
2.9608206748962402
2.079775094985962
1.0831060409545898
7.787910223007202
4.471436023712158
7.657292604446411
6.054534912109375
1.1939489841461182
9.639843702316284
3.9365155696868896
5.150279521942139
2.834429979324341
4.413608074188232
4.932587385177612
4.854778528213501
11.428471088409424
8.454305171966553
2.528975009918213
6.9228034019470215
4.8900275230407715
6.015612602233887
1.3904290199279785
3.60459303855896
9.630691766738892
20.44725751876831
1.085533857345581
5.720329284667969
7.368896007537842
5.354530334472656
5.450504541397095
0.910531759262085
3.8701398372650146
5.2843828201293945
2.328176498413086
1.940197229385376
