3.953841209411621
1.9644801616668701
2.2878806591033936
3.2969987392425537
4.169945001602173
1.0365095138549805
3.014129161834717
3.3194217681884766
1.3070497512817383
4.117918968200684
1.3514418601989746
4.160236597061157
1.9677560329437256
5.539573431015015
3.418545961380005
4.4451234340667725
0.9120121002197266
3.407013177871704
6.022627353668213
2.624337911605835
2.8639028072357178
2.2507762908935547
3.327002763748169
3.742849588394165
1.0054664611816406
3.1816799640655518
3.8097939491271973
3.261798858642578
3.477304220199585
1.2444210052490234
2.7520344257354736
4.388561487197876
2.868396043777466
5.938107013702393
2.0512144565582275
5.22891640663147
3.7074434757232666
3.1194357872009277
4.273726224899292
1.0608229637145996
4.430976152420044
5.40511679649353
1.527059555053711
2.6338748931884766
1.3278205394744873
4.116357803344727
2.349904775619507
3.9400124549865723
1.1579430103302002
1.1477859020233154
1.8481621742248535
1.9499413967132568
2.6539595127105713
1.1781134605407715
1.4996438026428223
1.3514249324798584
3.785874366760254
5.913190126419067
1.0836663246154785
4.0496439933776855
2.314913749694824
3.368673801422119
1.1077475547790527
3.7073452472686768
5.570898532867432
2.872673511505127
1.2258286476135254
1.29563307762146
1.9296796321868896
1.1996219158172607
3.0011770725250244
2.390787363052368
0.9135293960571289
4.451311349868774
3.8720881938934326
2.7775440216064453
4.4704155921936035
10.065818071365356
4.836944580078125
3.556150197982788
1.4682447910308838
3.6324222087860107
1.049206018447876
3.8142478466033936
2.6046111583709717
2.8871448040008545
4.067490577697754
1.3072779178619385
1.0388951301574707
1.8240022659301758
1.0860440731048584
1.1038939952850342
1.2384822368621826
1.018747091293335
4.226720094680786
2.526258945465088
3.4701950550079346
1.3102874755859375
4.236217737197876
1.6818828582763672
3.975266456604004
1.6799712181091309
2.2175099849700928
2.8467228412628174
3.203274965286255
5.334873199462891
1.2985851764678955
5.790761947631836
3.7143936157226562
0.9442107677459717
4.034223556518555
2.8077714443206787
3.7019824981689453
5.281961917877197
2.346710205078125
2.080822467803955
3.7755725383758545
4.54921293258667
1.1168358325958252
5.438028812408447
0.855116605758667
2.19663405418396
1.0698468685150146
1.3901264667510986
3.28171443939209
3.4597644805908203
4.285089731216431
2.3423898220062256
2.200486660003662
3.886748790740967
1.5874049663543701
4.749206304550171
2.6628224849700928
3.721045970916748
4.5555579662323
3.3543455600738525
1.3760638236999512
3.9504637718200684
1.0680005550384521
1.6730308532714844
1.6691668033599854
4.2485671043396
7.646758079528809
4.431933403015137
1.2068042755126953
3.9659087657928467
2.728689670562744
2.2697319984436035
5.933885812759399
3.1738226413726807
2.437761068344116
2.626232385635376
1.3284869194030762
1.6767964363098145
1.6038873195648193
1.9158127307891846
1.005927562713623
3.2924039363861084
3.5714871883392334
4.21616792678833
4.351849794387817
1.4646499156951904
3.4476962089538574
3.7517406940460205
2.8464205265045166
2.9614474773406982
4.356465578079224
2.028622627258301
3.5439107418060303
8.604446411132812
1.1840059757232666
1.851166009902954
4.459449052810669
4.87834620475769
1.158247470855713
3.9063405990600586
8.216174364089966
5.944327116012573
5.277675628662109
3.831045627593994
3.123178720474243
1.3127963542938232
1.2632486820220947
5.5635247230529785
1.7125358581542969
1.9755773544311523
3.416797161102295
3.527235984802246
1.2194514274597168
3.271852731704712
4.960641860961914
1.2711238861083984
2.925665855407715
1.1339871883392334
1.1772375106811523
3.9991190433502197
2.4320414066314697
3.51582407951355
1.2747726440429688
2.5677223205566406
2.0639162063598633
1.5710256099700928
2.7192747592926025
1.183842420578003
2.305100440979004
4.197264194488525
1.7430036067962646
2.9486141204833984
1.7139935493469238
3.1417160034179688
5.007693290710449
3.9714624881744385
3.62294864654541
3.63232684135437
2.9636878967285156
4.713292121887207
4.573582172393799
3.824843168258667
4.510088920593262
4.402526140213013
4.486682176589966
9.10839581489563
3.1612565517425537
5.234887361526489
4.179246425628662
4.069105863571167
6.052527904510498
5.573561668395996
2.7404656410217285
0.8780331611633301
2.25915265083313
1.3188323974609375
3.7235305309295654
2.5079357624053955
4.225355625152588
4.62525200843811
7.572650671005249
6.878877878189087
1.870523452758789
1.238304853439331
5.18131947517395
1.4096760749816895
6.494755744934082
4.986386775970459
1.217970371246338
4.122276782989502
6.094428539276123
4.1353936195373535
4.755606412887573
4.938572406768799
8.483808040618896
3.3834266662597656
3.7718899250030518
5.217518329620361
0.9242453575134277
3.2018210887908936
5.598396062850952
4.438571929931641
4.6725239753723145
1.4472858905792236
1.594029426574707
1.892435073852539
1.7078239917755127
3.0778536796569824
1.1959750652313232
3.209512233734131
4.884809255599976
2.461400032043457
0.8815517425537109
4.062957286834717
3.8854544162750244
3.5342838764190674
3.9448025226593018
1.4516615867614746
5.839285373687744
3.387888193130493
0.7843546867370605
1.7669668197631836
3.088369607925415
3.738365650177002
4.903416395187378
1.0237078666687012
1.0819344520568848
3.9916341304779053
1.1023783683776855
3.9623539447784424
1.3030774593353271
3.5247814655303955
6.831043481826782
6.088740587234497
0.9261980056762695
3.843068838119507
3.986482858657837
1.2420153617858887
3.491729974746704
0.7444539070129395
5.161087274551392
4.47568416595459
4.9792890548706055
3.986966371536255
