3.8438525199890137
3.000980854034424
1.7929174900054932
2.449863910675049
2.3485355377197266
2.4051618576049805
2.4944794178009033
7.210337162017822
3.1856491565704346
2.837036609649658
2.4784133434295654
1.7991836071014404
2.331632375717163
2.599500894546509
3.3123300075531006
3.7389233112335205
1.9592173099517822
1.9940979480743408
1.963338851928711
3.326406240463257
2.472522735595703
4.207874298095703
2.781844139099121
3.7382140159606934
3.9819021224975586
3.3158020973205566
2.085542678833008
2.092644691467285
4.075251579284668
2.5530307292938232
2.5568501949310303
2.6062920093536377
3.341822862625122
2.7397711277008057
3.866276264190674
2.150688886642456
2.3199527263641357
2.0651564598083496
2.007380962371826
1.9815037250518799
22.094959497451782
3.3084471225738525
2.032937526702881
4.469062089920044
2.612741231918335
2.3350651264190674
2.900658130645752
2.560723066329956
1.1280763149261475
1.7632098197937012
2.248464345932007
2.314453601837158
2.372191905975342
2.0738394260406494
8.313624382019043
2.618098020553589
2.4254209995269775
2.887969970703125
2.0666966438293457
2.215372085571289
2.670487880706787
4.432150840759277
2.3530993461608887
2.386166572570801
2.208195686340332
1.3055434226989746
2.649730682373047
2.5189261436462402
2.1098461151123047
3.1963796615600586
2.6601147651672363
13.039600610733032
3.1784489154815674
3.0449435710906982
4.8612060546875
4.764940023422241
2.237252712249756
5.144551992416382
2.558938980102539
2.265181541442871
2.5919220447540283
2.4880056381225586
2.3448479175567627
4.909219264984131
2.507944107055664
1.5041015148162842
2.8988730907440186
2.2853260040283203
1.8855698108673096
2.0383963584899902
2.441406726837158
1.806107997894287
1.859938144683838
2.0748660564422607
2.3214573860168457
1.9937372207641602
2.7075657844543457
2.7045838832855225
2.652092933654785
3.4091708660125732
2.584334373474121
2.6599340438842773
2.6854500770568848
15.40349555015564
2.3657114505767822
2.311953544616699
3.2262775897979736
3.042719841003418
2.4045519828796387
1.5989429950714111
11.750263690948486
2.0360372066497803
1.800671100616455
2.0911026000976562
2.7216551303863525
1.5867373943328857
2.0515761375427246
2.5554535388946533
2.786039113998413
2.1332499980926514
1.8632490634918213
8.025598526000977
2.1466777324676514
3.001268148422241
5.131609916687012
20.193737745285034
2.0687153339385986
3.513887882232666
2.19946026802063
2.421072244644165
2.6371326446533203
2.590416431427002
2.1414992809295654
1.1621630191802979
4.276494979858398
1.704890489578247
2.766777276992798
2.707479953765869
1.9297101497650146
2.2328336238861084
1.9674036502838135
6.078669786453247
1.9004764556884766
2.8111815452575684
1.638472557067871
2.491899251937866
3.8599460124969482
4.016662359237671
12.79319167137146
2.452009916305542
2.861593723297119
2.6326162815093994
2.6206393241882324
2.856177568435669
1.5875344276428223
2.999302864074707
2.833941698074341
2.838754653930664
1.8239374160766602
2.5073862075805664
1.9467389583587646
2.9637298583984375
5.4813551902771
1.868272066116333
1.9826467037200928
2.171895980834961
2.9837260246276855
2.715132236480713
2.542991876602173
2.6646502017974854
1.7279744148254395
3.353699207305908
1.2257184982299805
2.365919589996338
2.3104028701782227
1.811274766921997
2.9942891597747803
3.672771453857422
2.353459119796753
2.3326027393341064
1.4551033973693848
1.8673286437988281
1.7624244689941406
2.403691530227661
2.142885684967041
2.9989466667175293
3.139509439468384
1.6477863788604736
1.4204521179199219
1.755840539932251
6.961881399154663
2.4022839069366455
2.0472490787506104
2.484463691711426
1.0084037780761719
1.7933645248413086
2.6241633892059326
1.9135334491729736
2.2976112365722656
2.00815486907959
1.9702682495117188
1.5794367790222168
2.935763359069824
2.8972487449645996
7.2755842208862305
0.9892897605895996
2.247943639755249
2.8595831394195557
4.175167560577393
2.106339693069458
2.2966017723083496
10.039857149124146
2.316575050354004
1.8417551517486572
2.210608720779419
2.5836875438690186
2.541633129119873
5.18025016784668
1.9545009136199951
2.734074115753174
2.468163251876831
11.730526208877563
1.5166735649108887
3.7373406887054443
2.30466365814209
2.9858224391937256
3.5630106925964355
1.7566912174224854
1.615170955657959
1.634505033493042
3.022660970687866
2.6358845233917236
3.0660605430603027
3.3299400806427
1.4572985172271729
3.85866379737854
2.9690070152282715
2.047198534011841
2.384251117706299
1.8194403648376465
34.740792989730835
2.8151509761810303
2.074526309967041
2.661498785018921
2.6502106189727783
2.0798189640045166
7.559649705886841
2.8068714141845703
1.5737357139587402
2.681375741958618
7.045296669006348
1.3981189727783203
2.631701707839966
2.759155750274658
2.8526575565338135
1.8466174602508545
4.2157142162323
9.553558111190796
8.898774147033691
5.438034296035767
2.1909775733947754
2.2939515113830566
2.994528293609619
2.2541708946228027
2.5768561363220215
1.6271381378173828
2.9389917850494385
1.8837976455688477
1.9266633987426758
2.314711809158325
3.615204095840454
2.3628950119018555
2.13149094581604
3.4500808715820312
3.6268019676208496
19.461570978164673
1.884093999862671
2.0238208770751953
2.105428695678711
5.358840465545654
1.927002191543579
1.9258232116699219
1.9015624523162842
1.0624775886535645
2.044980049133301
1.49894118309021
2.1001973152160645
1.7046620845794678
7.708528518676758
3.027005672454834
1.967372179031372
2.025482654571533
1.9737277030944824
2.4749622344970703
1.9728639125823975
1.5760090351104736
1.5888338088989258
10.893003463745117
2.673485279083252
2.534994602203369
