13.365098714828491
11.026750087738037
7.8634960651397705
10.844154119491577
16.87296748161316
11.391884326934814
9.075366258621216
10.604408979415894
10.872082948684692
10.48019552230835
10.842448472976685
11.483483791351318
15.060543537139893
11.494638442993164
11.356856107711792
15.256581783294678
9.216437101364136
10.478020906448364
9.701789140701294
13.504890441894531
13.228910446166992
14.605350017547607
10.377883672714233
13.135365962982178
9.960827350616455
14.900429487228394
9.902200937271118
10.847365379333496
11.939193725585938
27.00810432434082
15.456653833389282
10.50439167022705
12.345649242401123
22.720594882965088
12.333428859710693
11.241175413131714
10.451392650604248
11.425569772720337
10.854148387908936
10.899585247039795
23.727945804595947
13.93328309059143
9.594121932983398
11.419831991195679
10.407029390335083
13.373055458068848
13.161860704421997
11.294397592544556
9.100646018981934
11.873047828674316
14.808117389678955
12.657022476196289
11.759408473968506
11.7334725856781
15.868712186813354
13.067683219909668
10.52210521697998
12.224889755249023
9.83463740348816
17.69147777557373
13.768699645996094
7.526618242263794
11.56283950805664
12.27122950553894
12.33557415008545
10.81965970993042
13.288480043411255
12.799123525619507
10.910199165344238
11.77934455871582
14.04708194732666
13.951112747192383
15.791519165039062
12.179728507995605
8.468626022338867
17.162508249282837
10.157411575317383
17.87671685218811
13.762649059295654
15.62296175956726
12.599015712738037
14.143445253372192
16.45778799057007
31.070491790771484
11.392348527908325
8.45771050453186
16.454949855804443
10.513849020004272
8.8287034034729
9.422404050827026
10.85790467262268
10.15439772605896
9.770720720291138
11.348763227462769
12.256181240081787
13.534151077270508
14.055195331573486
14.164699792861938
13.657529830932617
15.186635255813599
14.437179327011108
12.666865587234497
12.719758749008179
19.255870580673218
7.927109003067017
12.28309154510498
13.131847620010376
14.108637571334839
12.517234086990356
8.581924676895142
10.888585329055786
11.73491096496582
12.000730276107788
12.724340915679932
23.83384943008423
10.557485103607178
12.070848941802979
29.680237293243408
10.961397647857666
12.61978268623352
9.767051935195923
19.75256323814392
9.761702537536621
11.386430740356445
16.324406385421753
9.627855062484741
11.06199336051941
12.038367748260498
10.882792949676514
10.106620073318481
13.194047451019287
13.592444896697998
11.429601669311523
14.224400520324707
17.872703313827515
11.286468267440796
14.703975677490234
10.109976530075073
17.64958643913269
10.921138525009155
9.982219219207764
23.152026653289795
11.630770921707153
12.811230659484863
9.071874618530273
12.188116788864136
13.55900764465332
12.356451272964478
12.612140655517578
13.314621686935425
11.89479374885559
12.41618800163269
10.89058256149292
8.044257879257202
7.944032669067383
9.221693277359009
7.989768743515015
10.177577257156372
7.234732151031494
12.014113426208496
9.240587711334229
12.57546854019165
16.484205722808838
10.973146677017212
10.445441484451294
15.513530015945435
10.514591932296753
11.382348537445068
12.426062822341919
11.283657550811768
11.127776861190796
16.517167568206787
10.811796188354492
10.504005908966064
12.18299388885498
6.585472822189331
11.972318410873413
13.441337823867798
16.411341905593872
8.19312310218811
9.001752376556396
12.21669602394104
10.098961114883423
23.07352352142334
9.898897647857666
14.181484937667847
12.708553552627563
9.845752239227295
15.557777643203735
11.643810033798218
22.03529644012451
9.207586288452148
12.83139681816101
13.4774649143219
10.623966932296753
9.252772092819214
13.000844240188599
11.574852228164673
13.049120664596558
10.719690322875977
12.051925659179688
13.867309331893921
14.86776089668274
8.545275688171387
15.14544677734375
11.449190855026245
11.629428148269653
10.742727279663086
9.659494638442993
10.253235816955566
10.286468267440796
20.951194524765015
9.111653566360474
10.666510820388794
22.275126218795776
11.067372560501099
11.806911945343018
11.539905309677124
9.810673952102661
10.777093410491943
11.822808027267456
11.475191831588745
10.128870010375977
10.299173831939697
13.055338621139526
8.428234338760376
14.520156383514404
10.615395069122314
12.047651290893555
8.817359924316406
10.295393228530884
14.55201268196106
13.232264041900635
13.479521751403809
8.696126461029053
16.072644233703613
13.270667791366577
9.930140256881714
10.424106359481812
12.159552574157715
24.707847356796265
12.550750017166138
9.19547724723816
11.269953727722168
13.178346395492554
10.17607069015503
21.46142315864563
13.977853298187256
8.998596906661987
11.134446620941162
18.355483293533325
9.166223049163818
11.311231136322021
12.071794509887695
12.526334285736084
8.087599515914917
15.239492416381836
29.664525985717773
11.090079545974731
18.811051607131958
12.385770320892334
12.60014009475708
13.711057186126709
11.437779664993286
11.238205909729004
23.87595224380493
13.658032178878784
10.568032503128052
10.215511322021484
14.488036155700684
12.33292841911316
6.213610649108887
12.559018611907959
13.760249376296997
14.08202600479126
11.716631889343262
9.886438131332397
9.931451559066772
9.419856786727905
4.125669002532959
11.475314855575562
8.923273086547852
11.559510469436646
10.69513201713562
14.273494482040405
9.621372699737549
12.570889949798584
11.033033609390259
16.0634925365448
14.804856300354004
10.83028769493103
11.556738138198853
6.709756135940552
10.619752168655396
10.529223203659058
9.414011716842651
10.764959573745728
12.550786256790161
11.422587156295776
15.345531463623047
