3.6485707759857178
2.5143353939056396
1.7082581520080566
2.224719762802124
2.828425884246826
2.3203201293945312
1.9496161937713623
6.0483129024505615
3.186701536178589
2.9547629356384277
2.3309414386749268
1.6055350303649902
2.217566967010498
2.701841115951538
3.4010891914367676
3.5875844955444336
1.8371286392211914
1.8412268161773682
1.934457540512085
3.1814136505126953
2.4027786254882812
8.607993602752686
2.6683943271636963
3.740917921066284
2.0863113403320312
3.2301647663116455
2.010985851287842
1.9673902988433838
4.0176591873168945
2.5061464309692383
2.5466761589050293
2.5206220149993896
3.184657335281372
2.72324800491333
3.619859218597412
2.091066360473633
2.251354694366455
2.012059211730957
1.899129867553711
1.8738408088684082
21.86968731880188
2.25423264503479
1.9385216236114502
4.533859968185425
2.679370403289795
2.279862880706787
2.862896203994751
2.6399521827697754
1.2087666988372803
6.034596681594849
2.210523843765259
2.2167789936065674
2.28074312210083
2.1583199501037598
8.00129747390747
2.4798436164855957
2.3859200477600098
2.8595163822174072
2.022921562194824
2.141526699066162
2.5999107360839844
6.099784851074219
2.3236758708953857
2.420757532119751
2.459461212158203
1.3766121864318848
2.632362127304077
2.4466381072998047
2.061223268508911
3.1607038974761963
2.5380587577819824
2.8606491088867188
2.9132540225982666
3.052868127822876
4.395691871643066
4.5705461502075195
2.213334798812866
5.348963022232056
2.428027391433716
2.2309041023254395
2.562213182449341
2.4642534255981445
2.3133811950683594
2.692065954208374
2.3408377170562744
1.4429776668548584
2.850174903869629
2.3200318813323975
1.7832772731781006
2.085049629211426
1.7568728923797607
1.8415701389312744
1.8655576705932617
2.0155041217803955
2.2542734146118164
1.9499759674072266
2.559194564819336
2.739269971847534
2.6945321559906006
3.2371225357055664
2.7817649841308594
2.559415102005005
2.6635372638702393
12.529715061187744
2.4247028827667236
2.175170660018921
3.1083452701568604
2.365044593811035
2.428647756576538
1.6965065002441406
7.648319482803345
1.8775885105133057
1.6747980117797852
1.925788402557373
2.782102346420288
1.6478326320648193
2.082425832748413
2.5218400955200195
2.676659345626831
2.048919439315796
1.814798355102539
7.1000025272369385
1.9987998008728027
2.8420755863189697
5.087439775466919
20.40696954727173
2.1523935794830322
3.603299379348755
2.1190552711486816
2.451976776123047
2.7079896926879883
2.582383871078491
2.0900115966796875
1.1709203720092773
4.330618858337402
1.6047272682189941
2.7212297916412354
2.621187686920166
1.9555537700653076
2.244370222091675
2.0334274768829346
6.608885049819946
1.9047720432281494
3.305572986602783
1.6537020206451416
2.476567029953003
3.975362539291382
3.972398042678833
15.97336459159851
2.599592447280884
2.823941707611084
2.660346031188965
2.6101269721984863
2.994617223739624
1.5896296501159668
3.0121521949768066
2.9332919120788574
4.915907621383667
1.8193857669830322
2.4581222534179688
1.9879369735717773
2.882866144180298
63.16692638397217
1.9156253337860107
1.8914403915405273
2.2682900428771973
2.9348483085632324
2.761138677597046
2.350597381591797
2.6650550365448
1.721846580505371
3.457742929458618
1.2047441005706787
2.4036059379577637
2.2478132247924805
1.7808077335357666
2.958106756210327
3.56327223777771
2.1090877056121826
2.4527974128723145
1.430234670639038
1.1140048503875732
1.7016334533691406
2.3132171630859375
2.0833144187927246
3.0388102531433105
3.1902239322662354
1.5578417778015137
3.9587526321411133
1.6430456638336182
4.5335776805877686
2.4095194339752197
2.063760995864868
2.4505324363708496
0.929826021194458
7.040054559707642
2.6600637435913086
1.8204424381256104
2.3425748348236084
1.8036482334136963
1.8484516143798828
1.6196210384368896
2.7777950763702393
2.691446542739868
6.956662178039551
0.946683406829834
2.1231906414031982
2.7446999549865723
5.575782060623169
1.981973648071289
2.2313385009765625
8.944775581359863
2.1897337436676025
1.7892742156982422
2.257812976837158
2.604870319366455
2.2474005222320557
5.226047992706299
1.8702476024627686
2.5872044563293457
2.342909574508667
12.774640798568726
1.5604510307312012
3.6933398246765137
2.2015926837921143
3.0520436763763428
3.4427976608276367
1.7352044582366943
1.5977072715759277
1.526890754699707
2.9761688709259033
2.6575257778167725
2.889509677886963
3.2698469161987305
1.4598400592803955
3.8907368183135986
2.9056406021118164
1.9996256828308105
2.4239814281463623
1.6331582069396973
28.654447555541992
2.7447478771209717
2.0317158699035645
2.8132424354553223
2.6076059341430664
2.0693516731262207
7.610029697418213
2.7032103538513184
1.5649962425231934
2.196244239807129
7.611829996109009
1.3603301048278809
2.6435022354125977
2.6570308208465576
1.07731294631958
1.9249305725097656
4.125039100646973
11.261169910430908
120.92683815956116
5.421407461166382
2.1239659786224365
2.1223671436309814
2.971158266067505
2.1111443042755127
9.854246139526367
1.5070123672485352
2.9908359050750732
1.8626658916473389
1.753483772277832
2.3259358406066895
3.518557071685791
2.2705748081207275
2.0850353240966797
3.262195110321045
3.610229730606079
18.87845516204834
1.7966363430023193
1.9719102382659912
1.8814647197723389
5.361398696899414
1.7823803424835205
1.8322863578796387
1.7111499309539795
1.020456075668335
1.8341009616851807
1.569061279296875
2.064063549041748
1.6857569217681885
4.95087456703186
20.97019386291504
1.9204185009002686
2.077833414077759
2.037182331085205
2.520160436630249
1.948453664779663
1.5171339511871338
1.5102100372314453
10.516661167144775
2.6090009212493896
2.4722301959991455
