3.6494030952453613
2.225468873977661
4.408459186553955
1.8331043720245361
3.4573144912719727
1.6918811798095703
2.0896894931793213
1.8769919872283936
14.244011402130127
4.264779090881348
2.014782428741455
13.518619775772095
10.701639890670776
2.5954360961914062
3.0453314781188965
6.779378652572632
1.7784571647644043
3.026353120803833
5.9868574142456055
2.833324432373047
9.108219146728516
3.7741355895996094
5.289103269577026
13.237675905227661
1.815375804901123
3.5894582271575928
10.485628366470337
1.8068430423736572
1.8991734981536865
2.1789352893829346
5.20027494430542
2.224074125289917
15.200867414474487
5.397595643997192
3.8730952739715576
1.709453821182251
10.090378046035767
9.22328519821167
1.9043762683868408
1.8553290367126465
6.523969650268555
2.796027898788452
2.026113748550415
2.8454277515411377
1.6511406898498535
3.2807650566101074
2.8546907901763916
1.7749269008636475
3.661129951477051
1.2613823413848877
16.572773218154907
6.162330865859985
1.8691177368164062
6.54491662979126
6.1435041427612305
1.80061674118042
1.8322398662567139
1.7324187755584717
1.876298427581787
6.133775234222412
2.6624109745025635
3.15148663520813
4.417404890060425
1.8344788551330566
13.932737588882446
1.6456398963928223
2.1914784908294678
2.179274082183838
2.601716995239258
2.5132815837860107
4.747942924499512
2.9925224781036377
4.032814979553223
14.235321044921875
1.419294834136963
6.202932596206665
1.9518015384674072
11.047382593154907
3.758389711380005
9.641266107559204
15.221165895462036
13.636732578277588
1.8740336894989014
1.8391447067260742
2.265315294265747
1.2509543895721436
11.614641427993774
1.9752893447875977
1.7609920501708984
1.8398475646972656
1.7065796852111816
1.7901558876037598
1.8582158088684082
2.3362185955047607
4.33943510055542
6.178293704986572
9.423385620117188
2.2403132915496826
2.599297523498535
3.8067967891693115
10.793172359466553
3.2550153732299805
4.486503839492798
8.79235291481018
1.8016080856323242
3.4428648948669434
3.5487899780273438
6.744971990585327
2.618687152862549
1.6484401226043701
10.26930570602417
8.904677391052246
1.8144936561584473
2.0365116596221924
14.930588483810425
6.230803489685059
2.062371253967285
14.5128014087677
2.09835147857666
2.732567071914673
1.861236810684204
7.589866876602173
1.732100248336792
2.3527183532714844
1.7275395393371582
2.6294620037078857
13.200506925582886
1.8663389682769775
1.9148399829864502
3.3776752948760986
1.835096836090088
9.300740242004395
4.790777206420898
2.376150131225586
3.8803255558013916
15.42167067527771
1.8720402717590332
2.381882905960083
7.609704971313477
1.847327709197998
1.777524471282959
18.31221103668213
4.288603067398071
2.212968111038208
1.763127326965332
7.708830118179321
10.071342945098877
3.322805166244507
2.408942222595215
3.7651004791259766
2.528378486633301
2.3281731605529785
2.0322139263153076
7.0090720653533936
1.5330092906951904
3.33720064163208
2.161090612411499
2.4432783126831055
1.8175480365753174
2.4442837238311768
2.7018494606018066
3.308727264404297
4.502504348754883
2.246727466583252
12.681267976760864
4.710065603256226
2.993705987930298
2.391641139984131
4.283646821975708
2.6215755939483643
1.8183033466339111
3.221984624862671
8.659327507019043
3.2028799057006836
1.9364871978759766
1.6392226219177246
1.7588169574737549
3.1474437713623047
1.7052717208862305
1.7479898929595947
1.6812348365783691
1.7863249778747559
1.5965385437011719
6.552800893783569
1.763969898223877
2.5794503688812256
8.016520261764526
1.6277506351470947
8.762263059616089
4.002683162689209
10.476394414901733
1.8631927967071533
4.250683546066284
2.1541247367858887
3.3751325607299805
7.388676643371582
2.262235164642334
1.6500885486602783
2.0393946170806885
4.34016752243042
1.8101344108581543
3.711216688156128
3.329610824584961
1.5237996578216553
7.735461235046387
1.9133281707763672
1.7669289112091064
2.2811262607574463
1.6891417503356934
2.1436703205108643
8.992213010787964
7.464704513549805
7.792541980743408
1.7589607238769531
12.97496771812439
9.397236108779907
4.256938934326172
5.020182371139526
14.0422523021698
1.6040763854980469
3.6247355937957764
6.3937602043151855
2.4041149616241455
7.718987464904785
3.9832417964935303
2.5413594245910645
12.109351873397827
1.5077598094940186
1.8667593002319336
1.5782976150512695
9.097350835800171
4.681138515472412
4.803255319595337
2.6014866828918457
13.821510314941406
7.377199411392212
3.419579267501831
1.7930841445922852
1.9600670337677002
5.964561939239502
13.119174242019653
3.326326370239258
3.7254421710968018
2.517780303955078
2.1702592372894287
1.850726842880249
5.26239800453186
3.4065887928009033
1.6781785488128662
1.7410449981689453
6.739954710006714
1.7240641117095947
2.251973867416382
1.6412923336029053
1.3825409412384033
2.3276424407958984
3.0926451683044434
2.0338406562805176
2.2582690715789795
13.215543031692505
3.130777359008789
11.438465595245361
2.6216986179351807
1.8421235084533691
1.7928426265716553
5.68076491355896
8.809061765670776
8.92613959312439
1.8462271690368652
2.5957140922546387
1.8648028373718262
1.6770012378692627
9.699623823165894
2.4431049823760986
13.576253414154053
4.734950542449951
1.6310813426971436
1.8094217777252197
1.790985345840454
1.3667476177215576
2.232647180557251
1.6646394729614258
3.6039392948150635
7.322009563446045
13.009769439697266
1.6125104427337646
4.01579213142395
1.941911220550537
4.66364860534668
14.809456586837769
9.494445085525513
1.7763094902038574
1.6223421096801758
1.949873924255371
1.764026165008545
1.7558505535125732
3.7947559356689453
1.8402657508850098
2.863771915435791
9.884678602218628
