5.9159111976623535
5.7645111083984375
3.2365548610687256
5.3116819858551025
5.305023908615112
5.335151433944702
1.735391616821289
6.148733377456665
5.554865598678589
5.826321125030518
1.8211805820465088
1.0455613136291504
5.817859649658203
2.246140718460083
2.339718818664551
3.419506311416626
5.396253347396851
5.4906206130981445
1.9984993934631348
4.4774229526519775
6.660319805145264
3.4477813243865967
5.874766111373901
4.390011787414551
1.8915071487426758
3.563718795776367
6.294513463973999
6.287925958633423
6.328980207443237
6.942519187927246
5.131069183349609
2.879080057144165
5.9203596115112305
6.206477642059326
1.9471821784973145
3.61830472946167
5.457030296325684
5.6022560596466064
6.160786151885986
2.6644296646118164
9.084430456161499
6.507755517959595
5.349356174468994
4.130744218826294
2.19340443611145
6.534797191619873
6.597185373306274
2.1241588592529297
5.585744857788086
5.381787300109863
5.419084787368774
2.0153348445892334
6.466974258422852
6.2622761726379395
1.9372382164001465
1.9340183734893799
1.6873698234558105
2.5080418586730957
1.147130012512207
1.508580207824707
3.0370285511016846
1.7216827869415283
2.1339776515960693
1.5858314037322998
7.859015703201294
2.564519166946411
5.642763614654541
7.000736713409424
7.1989381313323975
21.513429880142212
5.561259508132935
6.503310918807983
7.3379902839660645
6.707777976989746
5.489325523376465
6.023465871810913
1.2476646900177002
7.805362701416016
8.053218841552734
0.9050703048706055
7.077449798583984
5.716718435287476
6.2246153354644775
7.362739324569702
1.79331636428833
1.606745958328247
6.154146909713745
3.0470991134643555
6.700544595718384
2.4379994869232178
6.547572135925293
6.421411752700806
5.599904775619507
6.578745126724243
5.610428810119629
8.433095693588257
7.4318687915802
6.474520683288574
6.366557598114014
6.0576441287994385
5.774795293807983
6.120081901550293
6.781891345977783
8.662996768951416
1.7828741073608398
2.495640277862549
7.443905591964722
7.474010229110718
2.2449638843536377
1.599501371383667
13.751601219177246
1.5669937133789062
6.422754287719727
6.521602153778076
8.729122400283813
2.068532705307007
5.457273960113525
1.501603603363037
3.58648419380188
1.0118403434753418
1.9678928852081299
9.24259877204895
2.1772124767303467
5.834766626358032
5.9659035205841064
7.020808219909668
5.375547885894775
7.233153581619263
6.620002508163452
1.679748296737671
6.496318817138672
1.6047205924987793
6.81462550163269
1.4452288150787354
5.5544798374176025
5.791504621505737
5.635310649871826
6.58411431312561
7.599406003952026
1.6302320957183838
6.94829535484314
7.533068895339966
2.0579867362976074
4.183104038238525
5.8716888427734375
1.1537590026855469
7.485395193099976
7.684781551361084
1.6203372478485107
6.205116033554077
8.239092350006104
7.010095119476318
6.812290191650391
2.0276012420654297
1.4622297286987305
2.121302843093872
2.0856919288635254
1.090428352355957
1.0524821281433105
5.558342456817627
2.4576621055603027
8.303391456604004
6.990522146224976
6.749112844467163
6.2287726402282715
14.81652045249939
3.316348075866699
2.691704750061035
6.6492462158203125
7.703119993209839
4.761641979217529
5.499565124511719
7.748315334320068
1.0894098281860352
1.6790893077850342
1.4341797828674316
3.58113431930542
2.3275439739227295
4.64039945602417
5.445004224777222
1.251061201095581
6.030083894729614
1.2185206413269043
6.951413154602051
1.9725127220153809
2.408416748046875
8.225444078445435
1.9939274787902832
6.048020362854004
5.737276792526245
1.714599370956421
0.9282445907592773
5.972712278366089
6.983658075332642
6.904678583145142
2.145935535430908
5.380114316940308
2.1534767150878906
6.74481725692749
6.625511884689331
5.476940631866455
7.131771802902222
8.64121413230896
1.3319942951202393
6.740793943405151
6.956784725189209
1.5029349327087402
0.9690406322479248
0.9955558776855469
1.2505550384521484
5.925182342529297
7.3708295822143555
1.184844970703125
5.768138885498047
1.0837724208831787
2.459641456604004
7.434725284576416
4.032360792160034
8.018384218215942
1.183166742324829
5.779797554016113
6.688704967498779
6.684364318847656
2.4893155097961426
6.179083824157715
3.106092929840088
6.051769256591797
5.983789443969727
6.087948322296143
1.6481940746307373
7.313907623291016
7.7975075244903564
6.7264978885650635
2.9112374782562256
0.9717614650726318
7.470285415649414
7.199442625045776
1.9452903270721436
6.381288766860962
6.807579040527344
5.699101448059082
7.872053384780884
1.9896388053894043
3.261026620864868
3.6408727169036865
5.981185674667358
5.97282075881958
7.50020956993103
6.108280897140503
5.956987619400024
2.1746623516082764
1.4820711612701416
1.6960911750793457
5.89593243598938
1.3166587352752686
6.600982189178467
1.090306043624878
6.763010263442993
7.411798477172852
8.756409883499146
5.77254056930542
7.378380060195923
8.082500219345093
5.933446168899536
2.4315245151519775
6.459796190261841
7.4037535190582275
6.031870603561401
1.1670470237731934
6.466326475143433
6.908870697021484
1.555203914642334
2.7701494693756104
3.155809164047241
5.475631237030029
6.554273843765259
5.904176235198975
5.738316297531128
6.002206087112427
1.408322811126709
7.09932017326355
2.618414878845215
5.918548583984375
2.4737374782562256
5.650960922241211
1.3457810878753662
6.448362350463867
5.811235427856445
6.028733491897583
6.840833902359009
6.685369253158569
5.724019527435303
1.7708230018615723
1.3054018020629883
2.4770824909210205
5.916049957275391
6.353102207183838
6.816883325576782
5.650476694107056
7.412201642990112
